8.947467803955077591e-06 3.715357303619384639e-06
2.358073472976684720e-06 1.563530683517455989e-06
9.064695239067078016e-07 5.137373208999634133e-07
3.127929568290710442e-07 2.762393057346343858e-07
2.021065950393676672e-07 2.133733779191970892e-07
1.551678627729415783e-07 1.596812009811401499e-07
1.145244613289833004e-07 1.194463595747947597e-07
8.669357001781463533e-08 9.375790506601333840e-08
6.491432338953017843e-08 7.537683099508285096e-08
5.129415914416313190e-08 6.922931969165802420e-08
4.507378116250038257e-08 5.721131712198257168e-08
3.640786558389663413e-08 4.786530137062072733e-08
3.003644011914730030e-08 4.461320117115974755e-08
2.723279222846031332e-08 3.866824135184288154e-08
2.412983402609825146e-08 3.281075879931449656e-08
2.075696736574173066e-08 3.053467348217963971e-08
1.754574477672576978e-08 2.845261991024017472e-08
1.532254461199045088e-08 2.461715228855610040e-08
1.373417954891920011e-08 2.266787551343440898e-08
1.485719997435808213e-08 2.320902980864047967e-08
1.305809989571571292e-08 2.316955290734767972e-08
1.047513447701931060e-08 1.837424002587795175e-08
1.019497867673635538e-08 1.861988380551338046e-08
9.562641382217407683e-09 2.133617736399173630e-08
1.020869519561529201e-08 1.626201346516609063e-08
7.376160006970167011e-09 1.537443138659000377e-08
7.105163764208554851e-09 1.490191277116536929e-08
7.842005230486393307e-09 1.241514645516872428e-08
6.401016842573881120e-09 1.276044547557830753e-08
6.379638332873583169e-09 1.383241917937993978e-08
6.270132027566433277e-09 1.030565146356821084e-08
6.420475430786609319e-09 1.525022741407156042e-08
5.215491633862257417e-09 1.208148058503866196e-08
5.490426439791918059e-09 9.113172069191933250e-09
4.974556155502796533e-09 9.772034361958503746e-09
4.803021438419819121e-09 8.685124106705188450e-09
4.608729388564825134e-09 8.340111002326011583e-09
5.610467866063117613e-09 8.098008111119269559e-09
5.314160138368606668e-09 1.001863740384578647e-08
4.125717561691999582e-09 8.810603059828280756e-09
4.469618201255798685e-09 7.335612084716558443e-09
3.388110781088471208e-09 7.427600678056478770e-09
4.058338236063719075e-09 7.265678606927394901e-09
3.867560066282749106e-09 8.046754635870456034e-09
3.927836194634437931e-09 8.998624980449676834e-09
3.713024547323584613e-09 7.837035693228245314e-09
4.874952603131532510e-09 7.254167925566435234e-09
4.758163820952176800e-09 7.257646881043910840e-09
4.102855455130338595e-09 7.665994111448525830e-09
3.098143031820654999e-09 6.371859461069107399e-09
3.308374201878905106e-09 6.309061311185359714e-09
2.857907675206661348e-09 6.723720580339432033e-09
2.701805438846349557e-09 6.377800833433866414e-09
3.660297952592372907e-09 7.604009006172417780e-09
3.149862634018063377e-09 5.854187067598104491e-09
3.885567188262939271e-09 6.081868428736925030e-09
3.796561155468225425e-09 7.191651500761508820e-09
3.587774001061916212e-09 6.223526783287525162e-09
2.968462649732828025e-09 6.176876369863748914e-09
2.792177721858024616e-09 8.961702696979046046e-09
3.097431967034935951e-09 5.852431058883666814e-09
2.296205377206206135e-09 5.805785302072763466e-09
2.498899819329380843e-09 5.312434863299131462e-09
2.591102384030818999e-09 4.728077910840511527e-09
2.348162466660141983e-09 6.280037574470043384e-09
2.809209749102592564e-09 6.870071403682231790e-09
2.522669732570648393e-09 5.822884384542704002e-09
2.903591375797986848e-09 4.651346709579229038e-09
2.474764827638864694e-09 4.855529870837926643e-09
3.044675337150693040e-09 4.815519321709871045e-09
2.203795826062559915e-09 4.874995909631251980e-09
3.551298053935170035e-09 7.865495048463344358e-09
2.800390822812914958e-09 4.656988196074962965e-09
2.453523920848965769e-09 4.593462683260440666e-09
2.547055715695023342e-09 4.679666366428136914e-09
2.540445653721690003e-09 4.377638455480337201e-09
2.453671768307685756e-09 4.439941141754388852e-09
1.880760071799158910e-09 4.569961223751306535e-09
1.872599124908447294e-09 4.727931227535009352e-09
2.378688659518957261e-09 5.322815384715795679e-09
2.474444452673196856e-09 4.398674238473176726e-09
1.974127721041440929e-09 4.790098872035741908e-09
2.081079175695776933e-09 4.908122122287750520e-09
2.482277574017643909e-09 4.633036907762288721e-09
2.002977766096592010e-09 4.305228125303983760e-09
2.494685584679246112e-09 4.587017931044101520e-09
2.862127730622887619e-09 4.454954061657190284e-09
1.938568078912794732e-09 3.914013970643282145e-09
1.616855617612600278e-09 3.914031665772199830e-09
1.467640278860926716e-09 4.286179784685373533e-09
1.977726118639111328e-09 3.985390532761811836e-09
1.935311593115329546e-09 4.195617511868477243e-09
1.592006650753319312e-09 3.690598998218774649e-09
2.294191159307956828e-09 4.446281585842371374e-09
1.513937138952314878e-09 4.537673201411962453e-09
1.891125342808663839e-09 4.084360320121049534e-09
2.067997120320797067e-09 5.052314139902591765e-09
2.210878301411867021e-09 4.674785304814577350e-09
1.795262563973665329e-09 3.842510515823960521e-09
1.631037332117557430e-09 3.849416971206665100e-09
1.827945583499968094e-09 4.051172174513339920e-09
1.828093663789331974e-09 4.230843856930732763e-09
2.907434012740850588e-09 4.758227616548538192e-09
2.065772190690040712e-09 6.582219153642654623e-09
1.971495803445577798e-09 4.299361724406480603e-09
1.663982984609901868e-09 4.180868156254291609e-09
2.243399852886796109e-09 4.053019452840089437e-09
2.306413836777210287e-09 4.006882198154926081e-09
1.903284457512199799e-09 3.422106150537729330e-09
1.646236050873994771e-09 4.329846706241369382e-09
1.938136178068816611e-09 4.828589968383312138e-09
2.271786099299788372e-09 5.016929935663938776e-09
3.018912859261035917e-09 4.099489655345678457e-09
1.471224706619977998e-09 3.081927075982093989e-09
1.479771570302545975e-09 3.992308396846055601e-09
1.553640351630747215e-09 4.715023096650838628e-09
2.272228244692087041e-09 4.444985184818506572e-09
2.424096688628196510e-09 6.149589084088802256e-09
2.866130787879228758e-09 6.077228579670190677e-09
2.348084468394517994e-09 5.077611654996871846e-09
1.578469178639352305e-09 3.654420142993330977e-09
1.285798265598714435e-09 3.895535366609692958e-09
1.483398489654064135e-09 4.856339190155268122e-09
1.338365487754345021e-09 3.263814607635140450e-09
1.346329925581812807e-09 3.847615094855427610e-09
1.617786707356572175e-09 4.115507937967777618e-09
2.129768487066030354e-09 3.755816025659441968e-09
1.369783887639641734e-09 3.202835563570260981e-09
1.224791165441274579e-09 4.458124749362468918e-09
1.344432705081999275e-09 4.227734636515379071e-09
1.528796739876270209e-09 5.827625747770070743e-09
2.455536276102065999e-09 3.849689615890383634e-09
1.342731760814785887e-09 3.401464316993951797e-09
1.300104544498026447e-09 3.233308671042323201e-09
1.234753057360649146e-09 3.160243155434727594e-09
2.585625974461436199e-09 4.271489102393388604e-09
2.146231010556221155e-09 3.773340722545981712e-09
1.502156839706003567e-09 3.425971372053027137e-09
1.420125947333872279e-09 3.619004506617784666e-09
1.482473220676183778e-09 3.736419137567281776e-09
1.546653104014694618e-09 3.803644329309463797e-09
2.169272629544138931e-09 4.119515884667635138e-09
3.666043048724532193e-09 5.070415791124105793e-09
2.864468377083539785e-09 4.570428282022476548e-09
1.247121603228151775e-09 3.418897511437535395e-09
1.748420647345483371e-09 3.293010173365473779e-09
1.345871365629136624e-09 4.233425948768854032e-09
1.577597809955477806e-09 3.587238490581512319e-09
1.180817838758230216e-09 3.010868793353438337e-09
1.462187618017196621e-09 3.688202705234289082e-09
1.578866387717425907e-09 5.693552549928426580e-09
1.985067734494805224e-09 3.389352234080433874e-09
1.923946198076009936e-09 3.866022685542702986e-09
1.602304284460842539e-09 5.421716719865799083e-09
1.787669607438147001e-09 4.328656010329723737e-09
2.070110989734530511e-09 3.080977359786629661e-09
2.312638796865940064e-09 3.800015896558761779e-09
1.698000705800950577e-09 4.196763504296540887e-09
1.638791989535093329e-09 3.513320116326212697e-09
1.033851061947643766e-09 3.074802691116929119e-09
9.816298261284828016e-10 3.859604941681027329e-09
1.322302967309951851e-09 2.887643873691558844e-09
1.635852502658963251e-09 3.856809809803962975e-09
1.958949258551001411e-09 4.386723972856998321e-09
2.239766297861933817e-09 3.829666180536151190e-09
2.381338970735668930e-09 5.448780953884124349e-09
2.682776423171162615e-09 3.110492369160056083e-09
1.288577914237976019e-09 3.277335315942764309e-09
1.816204166971147038e-09 3.898646449670195314e-09
1.254603150300681560e-09 3.043022705242037656e-09
1.145235728472471279e-09 3.054741304367780545e-09
1.144829788245260781e-09 2.998686628416180524e-09
1.629572943784296559e-09 4.508644342422485435e-09
1.615242334082722728e-09 3.475327743217348870e-09
1.532837282866239484e-09 3.628160571679473050e-09
1.631882390938699294e-09 4.259587265551090356e-09
1.778054400347173114e-09 2.858954248949885162e-09
1.548849977552890792e-09 4.282586742192506888e-09
2.481132512912154183e-09 3.624431323260069084e-09
1.689766533672809613e-09 4.320556763559580128e-09
1.682596746832132303e-09 3.668178338557481892e-09
1.364464056678116230e-09 2.797712804749608121e-09
1.232431270182132685e-09 3.477665828540921105e-09
1.316850539296865443e-09 3.051218343898653791e-09
9.684120304882525740e-10 2.719166455790400706e-09
1.263427082449197700e-09 3.153332974761724446e-09
1.419679727405309615e-09 3.277570474892854500e-09
1.516748219728469786e-09 3.159263869747519434e-09
1.228033914230763921e-09 3.443094203248619965e-09
1.452019670978188529e-09 3.357643727213144421e-09
1.271868473850190621e-09 2.681367099285125825e-09
1.372227794490754658e-09 2.677618293091654682e-09
1.289787702262401676e-09 2.948908833786845111e-09
2.841397887095809029e-09 7.047417107969522851e-09
3.644643351435661467e-09 3.019513096660375534e-09
1.952741877175867374e-09 4.001317545771599158e-09
1.365725882351398459e-09 3.121878718957304989e-09
1.382258138619363312e-09 4.731698893010616406e-09
1.528460998088121343e-09 3.725532442331314019e-09
1.518630888313055088e-09 2.227996475994586947e-09
1.266498118638992403e-09 2.622269093990326061e-09
1.191955176182091139e-09 4.280184395611285888e-09
1.858547911979258076e-09 3.260888159275054743e-09
1.623412128537893393e-09 2.562579000368714256e-09
1.553138252347707670e-09 2.639016136527061542e-09
1.363179646432399728e-09 3.070032689720392051e-09
1.872376538813114102e-09 2.403388265520334175e-09
1.226614462211728117e-09 2.171101281419396430e-09
7.366454810835421457e-10 2.371357521042227806e-09
1.206366810947656676e-09 4.944693297147750998e-09
2.073319628834724447e-09 3.608669852837920262e-09
2.458586590364575507e-09 2.979830373078584499e-09
8.473492925986647354e-10 2.358132973313331706e-09
7.643505232408642674e-10 2.486494602635502877e-09
2.115908078849315786e-09 4.021339118480682111e-09
2.380961552262306399e-09 2.992145251482724957e-09
1.778174308128654867e-09 4.373873583972454383e-09
1.426032045856118282e-09 2.491666469722986034e-09
1.987089635804295563e-09 9.252159856259822856e-09
5.920475814491510034e-09 5.815627519041299967e-09
4.438492469489574229e-09 4.580067936331033579e-09
1.823021448217332334e-09 2.671985188499093052e-09
1.354812062345445060e-09 2.193642547354102205e-09
1.015671063214540530e-09 3.818662371486425089e-09
1.349496189504861812e-09 2.632571384310722396e-09
1.278032315894961296e-09 2.691202098503708667e-09
1.149999676272273120e-09 2.426707884296775066e-09
8.537282119505106985e-10 3.279503667727112930e-09
1.005097292363643679e-09 3.320753807201981702e-09
1.191650400869548223e-09 3.403803100809454885e-09
1.154799712821841185e-09 2.722413511946797316e-09
1.482359599322080524e-09 3.484925953671336336e-09
9.728452423587440824e-10 2.450810279697179667e-09
9.998576715588568752e-10 2.353399293497204757e-09
1.144909649156034054e-09 2.729907631874084513e-09
1.025137957185506850e-09 2.729725558310746966e-09
9.902822785079479889e-10 2.234073122963309364e-09
8.590682409703731549e-10 2.220296999439597284e-09
1.780334394425153757e-09 2.733802888542413525e-09
2.091561909765005217e-09 4.200011026114225698e-09
1.552938483655452644e-09 2.905913162976503516e-09
1.071192207746207683e-09 2.386615844443440390e-09
1.056966371834278056e-09 2.154294867068528978e-09
8.590648067183792456e-10 3.041639225557446543e-09
1.532095950096845546e-09 2.649226458743214771e-09
1.452452037483453816e-09 2.898343605920672260e-09
2.986668841913342571e-09 4.393855109810829063e-09
1.214925316162407319e-09 2.431215019896626361e-09
9.767047595232725026e-10 2.123133046552538711e-09
9.623276419006287727e-10 2.254154998809099033e-09
8.183651953004300716e-10 2.016104059293866091e-09
1.091781188733875845e-09 2.652073046192526998e-09
1.749827293679118077e-09 2.952640876173972900e-09
1.102374517358839459e-09 2.737954491749405916e-09
1.202371087856590728e-09 2.419273601844906799e-09
1.258019939996302199e-09 2.521739806979894722e-09
1.002753037028014685e-09 2.685243031010031553e-09
1.104387571103870955e-09 2.450613304972648671e-09
1.167024136520922189e-09 2.603400265797972624e-09
1.900995266623795093e-09 3.977064508944749507e-09
1.705507282167673033e-09 3.131572157144546343e-09
1.830150955356657478e-09 3.655437380075454853e-09
2.506622578948736252e-09 3.139371052384376664e-09
1.478966209106147372e-09 2.754327375441789649e-09
1.381319714710116431e-09 2.575824735686183131e-09
1.147713745012879403e-09 2.082033548504114162e-09
6.640505744144320972e-10 2.398503711447119522e-09
1.080586807802319608e-09 2.778107766062021227e-09
8.206643979065120524e-10 2.602032851427793599e-09
1.404563197866082204e-09 2.616178011521697154e-09
1.493543502874672321e-09 2.085722750052809855e-09
1.200865139253437518e-09 2.633382333442568646e-09
1.566995517350733195e-09 2.279090462252497819e-09
7.181373075582087137e-10 2.139507094398141083e-09
1.219244673848152094e-09 2.324010711163282480e-09
1.671267789788544137e-09 3.120089648291468804e-09
1.166627742350101387e-09 3.125310642644762970e-09
1.588596729561686492e-09 2.948909997940063336e-09
1.195402466692030356e-09 2.895600860938429699e-09
1.731498050503432736e-09 2.805594587698578811e-09
1.125348615460097688e-09 2.780145034193992801e-09
1.562347286380827372e-09 4.135186318308115186e-09
2.882947679609060237e-09 4.431453067809343113e-09
1.299633411690592852e-09 2.259447472169995209e-09
8.031472680158912898e-10 2.743180841207504249e-09
9.323137928731740015e-10 2.048185328021645588e-09
1.336922519840299990e-09 2.527076750993728592e-09
9.000785066746175518e-10 2.448715735226869506e-09
1.388815348036587279e-09 2.591856289654970143e-09
8.499611867591738334e-10 2.080684760585427155e-09
1.019897055812180081e-09 2.521708142012357506e-09
1.104524475522339335e-09 2.152461092919111206e-09
6.174549343995749612e-10 2.346357097849249817e-09
6.924893241375685130e-10 2.198570640757679807e-09
7.494448800571263065e-10 2.081909915432333840e-09
7.735840044915676309e-10 1.922354684211313653e-09
8.385867113247513839e-10 2.012541051954031064e-09
8.172141970135271696e-10 3.368982579559087916e-09
1.318843220360577169e-09 3.771255491301417353e-09
1.407060655765235353e-09 3.561052260920405479e-09
2.256933366879820860e-09 3.965089097619057105e-09
1.239227713085711046e-09 2.030983334407210546e-09
9.834632510319351478e-10 2.157919574528932426e-09
8.858053479343652268e-10 2.011573174968361677e-09
9.859472047537565522e-10 2.400035271421074929e-09
1.192838884890079571e-09 2.273726742714643527e-09
1.243272679857909742e-09 3.871230874210595847e-09
1.326155499555170506e-09 2.485059434548020411e-09
9.217059705406427175e-10 2.787648467347025801e-09
1.045014825649559479e-09 2.547791460528969840e-09
8.025680435821414248e-10 1.859701587818562958e-09
5.228833761066197992e-10 2.010647207498550468e-09
1.430897391401231391e-09 2.509284997358918375e-09
9.185083908960223355e-10 2.029772615060210351e-09
8.386435220018029073e-10 2.805974334478378206e-09
9.503306937403977555e-10 3.155291546136140766e-09
7.750216755084693639e-10 1.886790385469794142e-09
8.049395401030779042e-10 1.901608542539179495e-09
5.638674483634531968e-10 1.954587409272789759e-09
5.662988987751305527e-10 2.232752274721861004e-09
8.589827339164912617e-10 2.565689617767930067e-09
1.037913141772151036e-09 2.454368164762854420e-09
1.814516028389334748e-09 2.359486883506178988e-09
7.955179316923021810e-10 2.034116070717573051e-09
1.590412575751543099e-09 4.810873884707689045e-09
2.407756401225924326e-09 2.320897998288273698e-09
1.384891569614410301e-09 3.274009795859455923e-09
1.997885061427950654e-09 2.848101081326603699e-09
2.028987975791096736e-09 2.697590505704283559e-09
1.166374189779162450e-09 2.304677153006195894e-09
1.044807140715420149e-09 2.062015933915972845e-09
1.924734679050743653e-09 3.727511037141084475e-09
1.653207000344991594e-09 3.276375588029622913e-09
9.822740685194731538e-10 2.459595678374171392e-09
9.269868605770170965e-10 3.491032402962446065e-09
5.579779855906963231e-09 9.092705324292183084e-09
5.276873707771301614e-09 5.056041292846202760e-09
1.841187942773103619e-09 2.523940522223710998e-09
8.546847966499626383e-10 2.824893686920404357e-09
8.742644567973911255e-10 2.278262982144951694e-09
7.704730960540473674e-10 2.816766034811735141e-09
1.636022585444152292e-09 3.024471225216984754e-09
1.125984475947916570e-09 2.060265047475695441e-09
6.930875824764371057e-10 2.031518612056970546e-09
5.516526289284229647e-10 1.943541574291884775e-09
6.305226706899702845e-10 2.471271203830838292e-09
1.303937751799821818e-09 3.117512445896863915e-09
8.256125729531049710e-10 2.484838711097836296e-09
1.308295293711125789e-09 2.966202329844236299e-09
8.114095544442534072e-10 1.903301454149186633e-09
7.545509142801165902e-10 2.748697763308882695e-09
1.069121761247515654e-09 2.610090421512722923e-09
7.566088461317121802e-10 1.953861443325877263e-09
6.696909549646079451e-10 1.883971155621111243e-09
9.168069227598607047e-10 2.125237835571169833e-09
1.607252052053809265e-09 3.861755598336457850e-09
1.465903362259268843e-09 2.028303686529398111e-09
9.607032407075166951e-10 2.401084406301379086e-09
8.342532091774046754e-10 2.578846644610166619e-09
8.995026582852006228e-10 2.006275346502661748e-09
8.819304639473557780e-10 2.165023470297455787e-09
7.875541341491043773e-10 2.421859186142683158e-09
8.789544808678328698e-10 2.073710318654775656e-09
9.191036806441843917e-10 2.083214698359370112e-09
5.613709799945354570e-10 2.606045687571167913e-09
1.145085436291992688e-09 1.865092548541724632e-09
7.399662863463163467e-10 1.993959303945303065e-09
6.854872917756437929e-10 2.135793212801217938e-09
6.509015802294015891e-10 2.060514409095049056e-09
7.630232721567153584e-10 2.171340165659785190e-09
4.611738841049373363e-10 1.818976597860455584e-09
6.121294572949409412e-10 2.409318694844841790e-09
1.027774531394243296e-09 1.959062414243817292e-09
1.032105647027492477e-09 2.653771778568625261e-09
1.149734132923185884e-09 2.196269342675805062e-09
7.460482302121818543e-10 1.829915097914636228e-09
5.915316869504750129e-10 2.280500950291752833e-09
9.591412381269036842e-10 2.837873296812176676e-09
8.159495773725211172e-10 2.199342940002679903e-09
7.633120403625070568e-10 2.060103463008999817e-09
6.032510427758097285e-10 2.003878355026244915e-09
9.038816206157207446e-10 2.080398611724376877e-09
1.105904695577919458e-09 2.023053588345646659e-09
9.881918085739016169e-10 2.006955910474061804e-09
7.845690124668180698e-10 2.728648483753204161e-09
1.068079145625233682e-09 1.618570764549076470e-09
1.037743408232927421e-09 2.979064593091607209e-09
1.125945243984460889e-09 2.322802552953362628e-09
7.255551172420382868e-10 1.874212059192359419e-09
1.150110969319939716e-09 2.288176212459802832e-09
8.188305073417723334e-10 2.875643549486994684e-09
9.321892284788191407e-10 2.335324417799711150e-09
1.065133488737046638e-09 1.948613789863884621e-09
9.083273471333086917e-10 2.054856391623616082e-09
5.752032739110290782e-10 1.941735623404383703e-09
7.106198463588953139e-10 1.836385694332420843e-09
7.237303070724010971e-10 2.056260593235492598e-09
8.618372958153486621e-10 2.145264763385057366e-09
2.298747655004263025e-09 2.882938832044601394e-09
1.839367439970374111e-09 3.579102223739028155e-09
1.588538172654807527e-09 1.712099998258054319e-09
8.340747444890439578e-10 2.595536643639206993e-09
8.974873926490545195e-10 1.959884306415915356e-09
2.177727641537785336e-09 5.484286230057477729e-09
2.192312153056263736e-09 1.904850825667381258e-09
6.790640181861817718e-10 1.740265404805541142e-09
4.895864985883236227e-10 2.589837880805134894e-09
7.106347475200891765e-10 2.355337841436266940e-09
7.613433408550918257e-10 1.936649787239730165e-09
5.744735244661569361e-10 1.748861744999885555e-09
5.920366966165602248e-10 2.143407007679343409e-09
5.328969564288854091e-10 2.026526723057031552e-09
7.029388216324150590e-10 2.488491358235478392e-09
8.620264125056564306e-10 1.864863326773047514e-09
1.050918595865368825e-09 3.159716492518782544e-09
1.314115826971828926e-09 2.210416598245501588e-09
8.917069644667208355e-10 1.878245733678341082e-09
5.350841092877089678e-10 2.188525395467877291e-09
8.799342904239892723e-10 2.305822446942329513e-09
1.583695760928094325e-09 3.327104030176996986e-09
1.022771582938730748e-09 2.489564474672079149e-09
1.204262487590312926e-09 2.393759787082672024e-09
7.545443368144333279e-10 1.960703870281576969e-09
6.064114277251064274e-10 1.937248394824564598e-09
6.625097012147307850e-10 2.105181338265538054e-09
1.077960478141903917e-09 2.566813258454203537e-09
7.603741250932217074e-10 1.966268289834260826e-09
6.494924309663474093e-10 1.910195336677134213e-09
1.178050530143082150e-09 2.878440544009208529e-09
9.554143762215971420e-10 3.224937710911035391e-09
8.952410425990820135e-10 1.863972865976393210e-09
6.782396812923252071e-10 2.518585417419672070e-09
7.943178643472492431e-10 1.595401554368436323e-09
6.836767424829303799e-10 2.654803683981299520e-09
1.728523173369467286e-09 3.902646945789456523e-09
1.489147427491843729e-09 1.840190263465046921e-09
6.009194767102598857e-10 2.558050677180290186e-09
1.228593522682785946e-09 1.916024135425686666e-09
8.095900993794202813e-10 2.164010889828205226e-09
6.421554135158657515e-10 2.199198119342327219e-09
6.924922927282750495e-10 2.074810676276683794e-09
9.008783381432294817e-10 2.204168355092406479e-09
9.364845464006065505e-10 2.496812725439667821e-09
7.217528182081877896e-10 2.289658877998590295e-09
6.215537432581186445e-10 1.571423723362386170e-09
4.384148051030933707e-10 1.748579554259777118e-09
8.058572420850395895e-10 2.508212346583604991e-09
1.268157269805669767e-09 2.008925890550017311e-09
1.038399757817387606e-09 1.871697371825575750e-09
6.076578283682465512e-10 1.826000167056918092e-09
4.936779732815921146e-10 1.772841089405119359e-09
1.352505409158766355e-09 2.247299998998641914e-09
1.454357407055795131e-09 2.415205119177699083e-09
1.161939115263521657e-09 2.015758072957396470e-09
9.724574047140776699e-10 2.772948937490582442e-09
1.256038551218807712e-09 2.737485570833086826e-09
1.317392452619969782e-09 2.340210368856787508e-09
9.087382932193577237e-10 1.973042031750083174e-09
1.539049902930855742e-09 2.536790678277611870e-09
3.205399494618177606e-09 1.050124503672123031e-08
4.252917133271694193e-09 4.085552413016557712e-09
1.363670569844543979e-09 2.936917822808027167e-09
9.036902920342981620e-10 1.742196036502719021e-09
1.077996566891670141e-09 2.077731303870677960e-09
8.329924312420189319e-10 1.573179499246180160e-09
4.861687775701284451e-10 1.610116218216717231e-09
4.997439682483672741e-10 2.180100884288549464e-09
5.042644334025681169e-10 1.750569441355764815e-09
4.931176663376391341e-10 1.544878003187477550e-09
5.301702767610550390e-10 1.754591241478919918e-09
5.614624242298305266e-10 1.511475420556962527e-09
5.634002736769616505e-10 1.850682427175342954e-09
1.247452455572783847e-09 3.595635993406176659e-09
1.373532693833112670e-09 1.918675610795616975e-09
8.252317202277481170e-10 1.824121340177953306e-09
1.058497000485658717e-09 1.986016286537051327e-09
5.241702310740948022e-10 1.962593989446759409e-09
4.407771630212664509e-10 1.625435194000601751e-09
4.640840052161365749e-10 1.711622579023242018e-09
6.155075388960540385e-10 1.620603958144784049e-09
4.642197454813867810e-10 1.445830799639224976e-09
4.475438618101179565e-10 1.407492905855178900e-09
6.930376403033732975e-10 1.640256610698997887e-09
5.868041771464050292e-10 2.448552986606955657e-09
6.846516043879092216e-10 1.850691507570445483e-09
6.005901377648114647e-10 1.786501146852970202e-09
5.558804841712116968e-10 2.112652873620390771e-09
8.755729068070649932e-10 2.290999516844749312e-09
8.873614133335649578e-10 2.526395488530397270e-09
1.891092164441942971e-09 2.739040413871407565e-09
1.089610042981803401e-09 2.197753405198455058e-09
9.321931283921004229e-10 1.653210842050611903e-09
6.755819777026772696e-10 1.659252913668751747e-09
8.526238962076604084e-10 2.114556264132261475e-09
8.791403379291296488e-10 2.569624455645680392e-09
6.908183568157255631e-10 1.625544973649084489e-09
6.601712666451931235e-10 1.826471998356282746e-09
5.951479543000460180e-10 1.637938199564814569e-09
6.687439745292067774e-10 2.305696951225400113e-09
8.821618393994867370e-10 2.171737607568502271e-09
7.212357013486325385e-10 1.750718103721737807e-09
6.468943320214748185e-10 1.948809833265840872e-09
1.008216524496674440e-09 1.754275755956769081e-09
8.088388131000101445e-10 2.511575352400541306e-09
2.280769869685173212e-09 2.279490930959582203e-09
7.043202058412135113e-10 2.033752622082829637e-09
9.878622367978095095e-10 2.061170293018221661e-09
1.225743326358497097e-09 1.799284364096820432e-09
5.118722328916192309e-10 1.808500732295215119e-09
4.451967542991042169e-10 2.002730267122387886e-09
1.029718318022787492e-09 2.195778535678982757e-09
6.539247115142643787e-10 1.683963346295058736e-09
7.022210047580301396e-10 1.915775239467620838e-09
9.854714153334498494e-10 2.012149197980761629e-09
1.061827060766518057e-09 2.466860925778746483e-09
1.267586601898074189e-09 2.316378755494952364e-09
6.461187731474638368e-10 1.730069518089294402e-09
5.468825693242252342e-10 1.701223780401051003e-09
8.401503437198698894e-10 1.917914138175547160e-09
1.088737626560032416e-09 3.297927556559443461e-09
1.357444329187274031e-09 1.861167256720364002e-09
8.572753285989165579e-10 1.543536083772778568e-09
4.947080742567777516e-10 1.614009961485862798e-09
7.039217161945998413e-10 2.221570583060383712e-09
1.419941661879420228e-09 2.502582268789410664e-09
6.688745343126356846e-10 1.550019369460642336e-09
5.918389069847762231e-10 1.528184744529426186e-09
5.382908275350928525e-10 1.538760727271437747e-09
5.264768842607736109e-10 1.574009889736771641e-09
7.186361472122371662e-10 1.801518024876713683e-09
1.412778045050799884e-09 2.114139730110764590e-09
9.885926265269518409e-10 2.256620908156037532e-09
7.286168402060866713e-10 2.658560173586010867e-09
6.047793431207537321e-10 1.700677210465073556e-09
6.333989440463482894e-10 1.841016113758087241e-09
4.518031782936304985e-10 2.151849446818232402e-09
6.523344200104475011e-10 2.566507086157798709e-09
9.338366799056530714e-10 1.956918044015765270e-09
6.315168575383723069e-10 1.985292183235287494e-09
9.478352731093763978e-10 2.881718566641211503e-09
1.218627789057791277e-09 2.450005616992711916e-09
6.875334074720740034e-10 1.753422315232455747e-09
6.618159241043031274e-10 1.834256574511528110e-09
8.438114891760050918e-10 1.808041124604642451e-09
9.851562790572642317e-10 2.040157560259103576e-09
6.615173188038170738e-10 1.873053261078894056e-09
4.121488600503653287e-10 1.918331487104296845e-09
7.335463305935263917e-10 1.713557750917971059e-09
1.307255472056567640e-09 3.290668129920959495e-09
1.066807541064918071e-09 2.028843620792031425e-09
8.321341592818498803e-10 2.363164676353335494e-09
5.903496057726443172e-10 1.976707717403769641e-09
5.768125411123037103e-10 1.912785461172461526e-09
5.169484647922217895e-10 1.992964418604969776e-09
7.933955057524144499e-10 1.758852042257785728e-09
6.651583826169371665e-10 1.757070189341902789e-09
7.891458808444440366e-10 1.930088852532207836e-09
6.476941634900867485e-10 1.849528402090072645e-09
7.276574033312499348e-10 1.631220686249434942e-09
5.345679819583893323e-10 1.751044415868818718e-09
7.289082277566194800e-10 2.205789787694812020e-09
1.239515375345945389e-09 1.765227178111672356e-09
8.020112873055040934e-10 1.748751266859471757e-09
5.262584309093653867e-10 1.427243696525693017e-09
4.713427333626895843e-10 2.164536854252219010e-09
5.040477262809872307e-10 1.717775012366473713e-09
4.755334521178156067e-10 1.623635878786444605e-09
4.220441041979938622e-10 1.668631215579807691e-09
6.314644124358892316e-10 1.818110467866063098e-09
5.251424736343324303e-10 1.438248204067349349e-09
5.494580254890024747e-10 1.685508410446345887e-09
5.972748040221631706e-10 1.737008220516145309e-09
8.080207044258714159e-10 1.819911412894725843e-09
6.222560768947004853e-10 1.895091147162020114e-09
6.370844203047454134e-10 1.898367656394839437e-09
5.684386123903095702e-10 1.417137566022574878e-09
8.954433142207563066e-10 1.833777991123497584e-09
1.248091110028326553e-09 3.202978288754820694e-09
1.367047312669455932e-09 2.625616500154137660e-09
2.195867709815502039e-09 3.830902744084596648e-09
1.617814647033810615e-09 2.192454412579536490e-09
9.634040179662407256e-10 2.115283394232392197e-09
9.727104916237294402e-10 1.602445030584931434e-09
8.831779123283922838e-10 1.630429294891655456e-09
1.021892414428293684e-09 2.670472720637917450e-09
6.512967520393430896e-10 1.459775376133620706e-09
1.329245395027101121e-09 3.082018112763762349e-09
1.696261460892856047e-09 2.462496282532811008e-09
1.076227053999900720e-09 1.572074950672686080e-09
4.652748757507651920e-10 1.524057821370661246e-09
5.333992303349077709e-10 1.815949915908277042e-09
9.030273649841547151e-10 3.354117972776293843e-09
9.523209882900118513e-10 1.997267128899693351e-09
6.921628955751657586e-10 1.946822390891611573e-09
7.616674411110580262e-10 1.932484097778797124e-09
5.692497361451387403e-10 1.374890445731580260e-09
5.628364742733537874e-10 1.408955431543290694e-09
5.179655272513628485e-10 1.779912970960140284e-09
5.614219699054956473e-10 1.590853556990623542e-09
8.481509867124259499e-10 3.127760719507932860e-09
1.428805175237357681e-09 2.979159122332930659e-09
1.532730646431445996e-09 2.350752009078860390e-09
1.405671820975840072e-09 2.261223271489143543e-09
6.614034064114093672e-10 1.281860168091952706e-09
3.367566678207367761e-10 1.555008231662213820e-09
5.497405072674155706e-10 1.572251436300575774e-09
7.255652453750371982e-10 1.868072547949850355e-09
5.292185232974589203e-10 1.862452481873333510e-09
4.700342833530158200e-10 1.410960918292403312e-09
3.935637651011347768e-10 1.321288873441517432e-09
8.343197987414896841e-10 2.110952977091073868e-09
6.178630283102393000e-10 1.818933757022023281e-09
8.095867815427482152e-10 1.870596897788345666e-09
5.120518035255373039e-10 1.338785281404852896e-09
5.639213486574590536e-10 2.665834268555045215e-09
6.871348014101385935e-10 1.399910077452659587e-09
7.754081743769347346e-10 1.963902497664093837e-09
6.810323684476315767e-10 1.507247565314173692e-09
4.753696266561746819e-10 1.498305005952715971e-09
7.389385718852281336e-10 3.061330411583185002e-09
1.096292748115956768e-09 2.309992443770170030e-09
6.538468878716229998e-10 1.544922706671059138e-09
6.090993992984294629e-10 1.668446348048746528e-09
8.266006479971111039e-10 1.777046243660151975e-09
1.251355162821710204e-09 2.520407317206263696e-09
1.029422855935990792e-09 2.461087657138705071e-09
9.138220339082181869e-10 1.691071549430489572e-09
6.806509336456656100e-10 1.611863262951374118e-09
5.813520401716232808e-10 1.705029048025608140e-09
6.146971718408166941e-10 1.960607944056391815e-09
4.680426791310310657e-10 1.413395279087126334e-09
4.084702231921255367e-10 1.455713878385722549e-09
7.603486883454024305e-10 2.226033713668584686e-09
8.694193675182759428e-10 2.345195272937417151e-09
8.022063411772251417e-10 2.243338618427515060e-09
6.073806434869766491e-10 1.670381636358797515e-09
5.400128429755568625e-10 1.313672517426312031e-09
5.359842907637357836e-10 1.799918711185455249e-09
1.428643707185983590e-09 1.906488090753555408e-09
9.170604753307998478e-10 1.974911894649267171e-09
1.394579536281526162e-09 4.874262958765029718e-09
1.284318976104259494e-09 2.585516776889562781e-09
6.986723165027797588e-10 1.836752519011497400e-09
5.596515256911515839e-10 2.382965059950947786e-09
9.128890815190971095e-10 1.516436459496617311e-09
7.342254393734037697e-10 2.189165214076638222e-09
9.719753288663924679e-10 1.945137162692845053e-09
1.334338216111064010e-09 3.772696014493703986e-09
1.597156515344977308e-09 1.854362315498292431e-09
5.923845455981791308e-10 1.625596545636653895e-09
5.934080691076815055e-10 1.496211974881589462e-09
2.905425499193370150e-10 1.224103383719921071e-09
3.340435505378991233e-10 1.590622705407440619e-09
5.432951729744673120e-10 1.472440781071782154e-09
4.161053802818059786e-10 1.491789938881993247e-09
7.426131633110344170e-10 1.632963656447827834e-09
3.394621598999947327e-10 1.285663107410073186e-09
4.082855302840471380e-10 1.330219907686114226e-09
4.756476846523582529e-10 1.616728259250521594e-09
6.104042404331267082e-10 1.684439717791974552e-09
5.194400437176227350e-10 1.395543455146253087e-09
4.782728210557252320e-10 1.672157784923911068e-09
5.487060989253222519e-10 1.829476910643279607e-09
9.935877751559018244e-10 2.323075430467724642e-09
8.124062442220746967e-10 2.064313041046261648e-09
1.126775983721017796e-09 2.099076053127646551e-09
6.745806313119828722e-10 1.610698294825851996e-09
6.024989997968077659e-10 1.465098350308835459e-09
4.025432863272726493e-10 1.880267751403152954e-09
5.523508298210799403e-10 1.186007051728665839e-09
4.904680536128580070e-10 1.418012892827391633e-09
5.114292143844067897e-10 1.763159991241991523e-09
1.135081984102725989e-09 1.635525492019951281e-09
4.894414450973272526e-10 1.388044911436736675e-09
4.407377855386584920e-10 1.470524934120476191e-09
4.699566925410181275e-10 1.421899767592549382e-09
6.445230683311820255e-10 2.392201218754053130e-09
8.188802166841924552e-10 1.652502454817295146e-09
7.120738155208528212e-10 1.555659924633800897e-09
5.810597795061766997e-10 1.828450476750731463e-09
6.732039619237185011e-10 1.731115044094622144e-09
7.649648468941450513e-10 1.437268103472888390e-09
1.183747313916683225e-09 2.081800485029816528e-09
1.264784950762987236e-09 2.200623275712132617e-09
1.170763629488646910e-09 2.484316471964120668e-09
9.303658735007047326e-10 2.162435324862599498e-09
7.891497225500643454e-10 1.979724969714879814e-09
8.535067900083959379e-10 1.812035101465880853e-09
7.174456841312348969e-10 1.498595462180674138e-09
5.366402328945696721e-10 1.203224179334938429e-09
4.885222879238426823e-10 1.604393124580383313e-09
6.982877966947853091e-10 1.342882751487195537e-09
5.996631807647645369e-10 1.786720706149935679e-09
7.482718792743980368e-10 1.628505415283143449e-09
5.816092598251998129e-10 1.567233586683869363e-09
6.050371448509394802e-10 1.348441815935075227e-09
7.652540225535631493e-10 1.796637428924441285e-09
5.840520025230944089e-10 1.375492545776069162e-09
3.756689548026770515e-10 1.300244824960827763e-09
4.253593506291508515e-10 1.718302490189671562e-09
8.216177811846136659e-10 3.039961215108632854e-09
8.740247576497495663e-10 1.389792072586715302e-09
4.853317805100232153e-10 1.619341433979570967e-09
3.402262227609753779e-10 1.333608175627887312e-09
5.684679490514099225e-10 1.417761435732245461e-09
5.459509557113050951e-10 1.489007496275007633e-09
6.601631757803261063e-10 1.442382927052676647e-09
5.509630427695810422e-10 1.737440703436732336e-09
5.578388809226453034e-10 1.427564420737326074e-09
4.256502143107354692e-10 1.264819758944213289e-09
3.398956614546477583e-10 1.206013956107199235e-09
3.956512082368135355e-10 1.257687457837164321e-09
4.210018669255078028e-10 1.177615718916058465e-09
5.873513873666524584e-10 1.395597821101546317e-09
5.217968137003481684e-10 1.361756236292421875e-09
7.647984311915933995e-10 1.554459915496409036e-09
1.616855268366634852e-09 3.679469693452119976e-09
2.127863932400941838e-09 2.237291540950536889e-09
1.457743695937096985e-09 3.242647275328636092e-09
1.166503527201712159e-09 1.682371599599718973e-09
5.456866929307580313e-10 1.927581615746021305e-09
1.016701688058674409e-09 1.560736447572708219e-09
9.180105407722293951e-10 1.753465505316853477e-09
7.367339567281305754e-10 1.688932883553206936e-09
7.857775199227035546e-10 1.500269980169832737e-09
3.190563002135604480e-10 1.260416931472718618e-09
3.903487813659012135e-10 1.290866523049771819e-09
4.248585610184818613e-10 1.563935773447155939e-09
4.722366575151681808e-10 1.492872601374983700e-09
6.057461141608655566e-10 2.391494810581207397e-09
7.520124781876802163e-10 1.536798314191400912e-09
5.881608813069760304e-10 1.286586164496839038e-09
4.097482888028025667e-10 1.240774057805538162e-09
7.633229251950978974e-10 1.463857828639447745e-09
8.532757055945694318e-10 1.861973432824015611e-09
8.481981349177658314e-10 2.319381106644868675e-09
5.252546980045735655e-10 1.268818159587681320e-09
4.370542010292410875e-10 1.487038447521626872e-09
5.821152590215206404e-10 1.460369559936225510e-09
3.502771724015474357e-10 1.286733779124915546e-09
3.718356310855597340e-10 1.406163792125880810e-09
3.352792991790920412e-10 1.246139174327254365e-09
4.989867447875439608e-10 2.226498443633317835e-09
6.154726725071669093e-10 1.439457410015165893e-09
4.332972748670726988e-10 1.351156271994113921e-09
4.130345478188246298e-10 1.624171738512814131e-09
4.444087680894881530e-10 1.472474192269146501e-09
4.518676432780921530e-10 1.465441542677581257e-09
8.309451513923704961e-10 1.329447375610470858e-09
1.193879055790603146e-09 2.477309433743357621e-09
1.518411096185445718e-09 2.242343034595250919e-09
8.461292018182575576e-10 2.336610574275255404e-09
1.036575180478394103e-09 2.432461362332105822e-09
6.102888728491962200e-10 1.739386469125747764e-09
4.830225952900946529e-10 1.499287667684257067e-09
3.679734945762902552e-10 1.455406541936099496e-09
4.231800558045506236e-10 1.547504914924502354e-09
3.563348436728119950e-10 1.252116286195814592e-09
3.019727009814232494e-10 1.297916984185576489e-09
4.659782280214130833e-10 1.401028945110738210e-09
3.479880106169730615e-10 1.055919681675732088e-09
3.714727354235947389e-10 1.283835270442068487e-09
5.661023315042257495e-10 1.591432490386068851e-09
4.167210718151181876e-10 1.429658615961670808e-09
4.561261448543518960e-10 1.356791472062468522e-09
4.362091713119298137e-10 1.137717976234853322e-09
2.868104784283786873e-10 1.359556103125214504e-09
1.207217574119567926e-09 2.699600066989660379e-09
1.039320719428360487e-09 1.534608541987836450e-09
7.669383776374161034e-10 1.392346573993563557e-09
4.385226930025964927e-10 1.385102281346917141e-09
4.574514459818601639e-10 1.496357494033872998e-09
6.685970583930611228e-10 1.480711274780333028e-09
3.794831864070147197e-10 1.153377816081046983e-09
4.234337538946419932e-10 1.279589021578431113e-09
4.131201421841978796e-10 1.158067840151488831e-09
4.311105294618755397e-10 1.304703182540833889e-09
3.171272983308881671e-10 1.254591159522533467e-09
5.791406729258596438e-10 1.730568939819932070e-09
7.423582137562334656e-10 1.258691656403243619e-09
4.785389755852520670e-10 1.216556876897811875e-09
4.348219663370400799e-10 1.451160409487783861e-09
6.187288672663271260e-10 1.444452209398150451e-09
6.654743338003754798e-10 1.655730069614946940e-09
1.057490822859108395e-09 3.233498660847544846e-09
9.623456862755118849e-10 1.296336180530488540e-09
4.147526633460074611e-10 1.527135493233799875e-09
6.206659018062055543e-10 1.507857232354581265e-09
4.655316006392240714e-10 1.488763140514492965e-09
3.666858829092234264e-10 1.225364510901272241e-09
5.620344309136271467e-10 1.762462896294891800e-09
1.059777103364467538e-09 2.232586499303579439e-09
9.192778961732984010e-10 1.598528004251420535e-09
6.266191485337913359e-10 1.860218471847474626e-09
5.341694341041147923e-10 1.216290518641471841e-09
3.445321344770491237e-10 1.216895179823040879e-09
2.830722078215330618e-10 1.443504239432513667e-09
5.900245741941034745e-10 1.857391209341585684e-09
1.191172632388770496e-09 1.575253787450492291e-09
9.118395973928273185e-10 2.260921522974968136e-09
1.637600013054907305e-09 3.129363059997558597e-09
1.440644729882478810e-09 2.507822355255484634e-09
1.311409636400639961e-09 1.973211066797375522e-09
7.661127019673586004e-10 1.842995872721075922e-09
6.434854003600776140e-10 2.245803596451878400e-09
1.003694720566272762e-09 1.514965668320655787e-09
7.399740279652178343e-10 1.291261170990765077e-09
4.904560628347099144e-10 1.784928375855088298e-09
9.151210542768239956e-10 1.492172130383551040e-09
6.416694959625601373e-10 1.503319246694445552e-09
4.744850157294421978e-10 1.771799637936055612e-09
5.342256627045572031e-10 1.193638192489743155e-09
6.160032935440540079e-10 1.343923970125615598e-09
5.320963682606816534e-10 1.255534822121262569e-09
3.602252982091158790e-10 1.228656736202538019e-09
3.715128405019640886e-10 1.262452686205506334e-09
4.513427265919744927e-10 1.164838322438299569e-09
5.633354303427040831e-10 1.175551908090710569e-09
4.838773165829479520e-10 1.273959060199558733e-09
4.213988140691071796e-10 1.401579007506370539e-09
3.435374528635293452e-10 1.060828333720564873e-09
4.207828606013208492e-10 1.239334233105182588e-09
4.374999844003468654e-10 1.598515780642628756e-09
5.959169939160347107e-10 1.479395432397723203e-09
4.240649868734180989e-10 1.347400131635367793e-09
3.431473160162568137e-10 1.352552208118140707e-09
5.023539415560663210e-10 1.289380597881972746e-09
4.185964935459196547e-10 1.549876877106726103e-09
4.937408375553786576e-10 2.003488363698124972e-09
5.046624573878944141e-10 1.204119878821074954e-09
4.039694031234830726e-10 1.558384741656482293e-09
1.246808562427759128e-09 2.249172190204262775e-09
2.853475278243422432e-09 4.719327669590711694e-09
1.890302868559956455e-09 3.059673355892300610e-09
1.281719654798507704e-09 2.254655817523598820e-09
5.692104459740221897e-10 1.484256237745284943e-09
5.862428806722164332e-10 1.351336133666336551e-09
3.323838463984429787e-10 1.203983789309859373e-09
2.660806349013000970e-10 1.431871438398957331e-09
5.644945777021348723e-10 1.591766253113746693e-09
7.066326797939836532e-10 1.497558550909161552e-09
5.982917500659823863e-10 1.623189193196594775e-09
4.538667271845042736e-10 1.272506080567836841e-09
3.323948767501860974e-10 1.186157576739788116e-09
4.191431798972189445e-10 1.380314701236784541e-09
8.102471474558115252e-10 1.675123930908739621e-09
5.314799491316080019e-10 1.640994800254702576e-09
4.819025052711367279e-10 1.497806049883365675e-09
4.289348144084214993e-10 1.346391742117702968e-09
9.489188087172806223e-10 1.230412395671010063e-09
5.848567816428840031e-10 2.334365155547857127e-09
6.065351772122084892e-10 1.589405466802418238e-09
6.279387162066996272e-10 1.504548941738903606e-09
5.305345985107124324e-10 1.588991261087358010e-09
5.605797632597386836e-10 1.652278937399387415e-09
5.943019641563296153e-10 1.533613307401537942e-09
4.390260146465152366e-10 1.445877249352633902e-09
3.617637557908892806e-10 1.475122175179421927e-09
9.142502676695585054e-10 2.071053488180041181e-09
7.900406490080058154e-10 1.269665895961225060e-09
6.265721749514341675e-10 1.658492023125290839e-09
5.570250214077531798e-10 2.326498972252011152e-09
6.970558315515517785e-10 1.824464416131377157e-09
4.004937363788485295e-10 1.518280943855643211e-09
3.563436912372708380e-10 1.368538825772702652e-09
3.694257757160812427e-10 1.259580254554748638e-09
1.081195427104830695e-09 1.817972981370985606e-09
5.052530323155223892e-10 1.194779411889612572e-09
6.076701101846993034e-10 1.455749385058879867e-09
4.366875800769776268e-10 1.363755203783512100e-09
3.086250508204102656e-10 1.350851962342858378e-09
3.537604643497616232e-10 1.525290892459452235e-09
6.452908273786306497e-10 1.485675340518355321e-09
4.184473073109984194e-10 1.127236289903521524e-09
3.503636398818344061e-10 1.347084180451929584e-09
3.722448891494422980e-10 1.624895841814577549e-09
4.768109647557139072e-10 1.257813652046024780e-09
5.876680370420217275e-10 1.385597162880003442e-09
5.879672826267778671e-10 1.512555521912872843e-09
4.425035731401294475e-10 1.463701017200946762e-09
3.603779769036918935e-10 1.181817962788045311e-09
5.299585172906518170e-10 1.340018701739609311e-09
7.924386882223189271e-10 1.595634035766124637e-09
7.536789053119719014e-10 2.037293743342161036e-09
1.630129641853272813e-09 2.802222501486539760e-09
1.624222146347165105e-09 2.382208360359072819e-09
7.075857138261199438e-10 1.257574185729026701e-09
5.499991239048540144e-10 1.574817462824284955e-09
5.775860627181827977e-10 1.158233149908483024e-09
5.640384042635560099e-10 1.306476304307579932e-09
8.518793620169162470e-10 1.956050749868154352e-09
1.177568454295396741e-09 1.944615156389772904e-09
9.571686969138682477e-10 2.055577468127012198e-09
3.716132778208702793e-10 1.402789377607405101e-09
3.771925985347479471e-10 1.730227028019726237e-09
5.501867271959781313e-10 1.373994862660765682e-09
2.886494330596178620e-10 1.264207297936081893e-09
3.218525671400130050e-10 1.141020446084439855e-09
4.043176013510674048e-10 1.624204916879534792e-09
4.220074333716183702e-10 1.332631334662437342e-09
4.777467111125588081e-10 1.787082408554851962e-09
4.166964499745518131e-10 1.222761115059256456e-09
4.302659363020211521e-10 1.231042784638702831e-09
2.842643007170408774e-10 1.239202101714909056e-09
3.119497559964656971e-10 1.344944466836750463e-09
3.167152171954512413e-10 1.092488644644618063e-09
2.678112941794097503e-10 1.038213493302464531e-09
2.342181105632334841e-10 1.063511008396744818e-09
2.633957774378359279e-10 1.264929771423339920e-09
4.532923048827797430e-10 1.112195546738803391e-09
2.719618205446750147e-10 1.161151682026684220e-09
2.977075928356498608e-10 1.131857861764729079e-09
2.867855655495077565e-10 1.196226803585887024e-09
3.486767527647316466e-10 1.320820301771163974e-09
4.269769415259361355e-10 1.082189497537910978e-09
4.840525216422974734e-10 1.430688193067908203e-09
4.636353987734764870e-10 1.193432253785431370e-09
1.157998805865645425e-09 4.474758636206388105e-09
2.699004719033837143e-09 3.494010074064135751e-09
1.526404870674014064e-09 1.634974731132388099e-09
6.461046868935227733e-10 1.698468928225338402e-09
5.960825947113335634e-10 1.317858463153243103e-09
3.519681049510836522e-10 1.151341013610362989e-09
3.384366864338517169e-10 1.587918261066079200e-09
4.745458136312663599e-10 1.464878558181226296e-09
4.314434190746396615e-10 1.278380164876580202e-09
4.077340709045529488e-10 1.488344045355915943e-09
3.779881517402827855e-10 1.286536105908453490e-09
1.858284376794472300e-10 1.080097281374037268e-09
3.001591248903423782e-10 1.300827600061893381e-09
3.543524944689124832e-10 1.135523314587771859e-09
3.022426099050789849e-10 1.072874641977250586e-09
2.800833899527788269e-10 1.215170952491462158e-09
4.963066894561052294e-10 2.267581643536686816e-09
8.568046032451093625e-10 1.423128996975719855e-09
5.915186484344303315e-10 1.426691538654267717e-09
5.312573630362749126e-10 1.812844770029187138e-09
5.045583238825201927e-10 1.180051593109965346e-09
2.914807118941098264e-10 9.722568793222308181e-10
3.546735970303416088e-10 1.196809695102274381e-09
3.978381282649934078e-10 1.075809937901794929e-09
3.459164872765541125e-10 1.093597151339054192e-09
3.173469740431755898e-10 1.032172818668186598e-09
5.598583957180381150e-10 2.040746854618191792e-09
1.253680791705846767e-09 1.785974949598312319e-09
5.986093892715871677e-10 1.209310838021337914e-09
4.053173470310866907e-10 1.402011839672922992e-09
5.011209286749363049e-10 1.438936800695955656e-09
8.869001758284866914e-10 2.366785425692796894e-09
5.236360244452953672e-09 4.480665083974599534e-09
4.271504934877156799e-09 5.896399263292551110e-09
2.311592688784003209e-09 1.720261992886662421e-09
7.609991589561105155e-10 1.216823467984795597e-09
5.891748587600887096e-10 1.339167240075767002e-09
3.936917637474834952e-10 1.238119788467884030e-09
3.542903577908873309e-10 1.185910194180905732e-09
3.015356778632849578e-10 1.083371462300419727e-09
2.112175861839204921e-10 1.049841172061860594e-09
2.403442194918170415e-10 1.070897444151341835e-09
2.120328572345897449e-10 1.151568256318569083e-09
1.915661850944161322e-10 1.208574743941426196e-09
2.267980744363740086e-10 1.134964055381715261e-09
2.839560911525041033e-10 1.438423176296055391e-09
3.002401499543338766e-10 1.331507111899554759e-09
2.809862198773771363e-10 1.257654628716409293e-09
2.979411510750651473e-10 1.164297224022448029e-09
2.463894779793918137e-10 1.171190291643142603e-09
3.847090119961649131e-10 9.936421411111950541e-10
2.615386620163917460e-10 1.060373964719474219e-09
2.829900477081537213e-10 1.056303968653082852e-09
2.931540075223892785e-10 1.283315359614789516e-09
3.390076453797519033e-10 1.124414382502436542e-09
2.631868992466479375e-10 1.107616699300706400e-09
3.589351836126297831e-10 1.270809792913496561e-09
5.074062501080334609e-10 1.084738178178668106e-09
3.605567326303571675e-10 1.056237961165606956e-09
3.753768978640437218e-10 1.095312531106174070e-09
3.177946782670915222e-10 1.111870282329618966e-09
3.697130014188587514e-10 1.244351849891245312e-09
3.420731518417596750e-10 1.181241008453071027e-09
3.140930784866213887e-10 1.105574076063931072e-09
3.373842046130448511e-10 1.120576052926480690e-09
2.963301667477935606e-10 1.027296762913465568e-09
2.896295045502483860e-10 1.378025976009667001e-09
3.642094961833208998e-10 1.394253107719123305e-09
1.281260279938578516e-09 2.706195460632443336e-09
1.871030428446829385e-09 2.496074885129928765e-09
1.187919173389673233e-09 2.339790808036923320e-09
1.540893455967307103e-09 1.816204981878399837e-09
1.055983942933380647e-09 1.360572641715407321e-09
8.244013297371566361e-10 1.767170848324894813e-09
6.008751224726438276e-10 1.309296814724803002e-09
4.155719943810254400e-10 1.211411552503705041e-09
3.473904798738658596e-10 1.267382875084877114e-09
4.417650052346288974e-10 1.228432520292699435e-09
3.144044894725084374e-10 1.147059490904211983e-09
2.930487389676272667e-10 1.343388226814568018e-09
3.710068704094737995e-10 1.528224209323525346e-09
5.526008317247033309e-10 1.599799725227057886e-09
3.074760315939783878e-10 1.244844635948538848e-09
