1.868726730346679846e-05 5.955124855041503781e-06
3.947756767272948856e-06 1.957710981369018622e-06
1.261325120925903320e-06 8.987802267074584657e-07
7.500901818275451379e-07 6.580623984336852840e-07
5.558919906616211433e-07 5.429583787918090777e-07
4.629681110382080143e-07 4.887100756168365973e-07
4.089296460151672194e-07 4.382770657539367457e-07
3.695152401924133088e-07 4.092150330543518171e-07
3.308530151844024669e-07 3.692355453968047889e-07
2.984117567539215276e-07 3.563503623008728006e-07
2.752770781517028620e-07 3.177599608898162853e-07
2.534405291080475077e-07 3.008476197719573890e-07
2.337910979986190885e-07 2.868601381778717177e-07
2.176392376422882163e-07 2.553022801876068148e-07
1.932101845741271903e-07 2.374209165573120033e-07
1.746065169572830081e-07 2.216908782720565839e-07
1.619379669427871761e-07 2.013956755399703993e-07
1.462635695934295526e-07 1.869078129529952881e-07
1.342594325542449878e-07 1.735326200723647982e-07
1.237094774842262327e-07 1.681077033281326164e-07
1.123953461647033656e-07 1.511170566082000770e-07
1.027784049510955823e-07 1.398398131132125941e-07
9.429939091205597553e-08 1.304370313882827868e-07
8.817811310291289851e-08 1.241629943251609694e-07
8.575686812400818029e-08 1.199473217129707217e-07
8.039692044258117639e-08 1.096202209591865571e-07
7.500944286584853560e-08 1.067521423101425174e-07
7.286617159843445207e-08 1.012513488531112718e-07
6.893060356378555268e-08 9.692694246768951284e-08
6.724166125059127159e-08 1.039390414953231805e-07
6.496171653270721136e-08 9.280456602573394966e-08
6.025994196534156874e-08 8.712827414274216338e-08
5.809775739908218084e-08 8.864068984985351690e-08
5.597406253218650808e-08 8.094494789838791381e-08
5.676424503326416170e-08 8.195214718580245610e-08
5.388009175658225864e-08 7.438616454601288408e-08
4.891093820333480562e-08 7.703781872987747071e-08
4.604033380746841310e-08 7.043310999870300208e-08
4.734883457422256351e-08 7.017078250646591068e-08
4.691729694604873395e-08 6.636273115873336585e-08
4.165164381265640298e-08 6.362430006265640767e-08
4.213164001703262230e-08 6.457618623971938509e-08
3.887984529137611278e-08 6.136714667081832693e-08
3.701872751116752686e-08 5.844500660896301514e-08
3.594686090946197464e-08 5.973342061042785702e-08
3.794285655021667247e-08 6.315629929304122496e-08
3.874134644865989929e-08 5.563988536596298071e-08
3.686955571174621377e-08 5.710334330797195360e-08
3.408022224903106410e-08 4.983133822679519570e-08
3.258983790874481011e-08 5.556699261069297519e-08
3.141165152192115648e-08 5.143713951110839613e-08
3.114167973399162475e-08 4.796549305319785927e-08
2.984213083982467559e-08 4.602240771055221671e-08
2.742129378020763475e-08 4.494512826204300043e-08
2.699539624154567741e-08 4.821291193366050670e-08
2.869863063097000192e-08 4.486030712723732014e-08
2.780700847506523254e-08 4.108791798353194976e-08
2.635611966252327011e-08 4.150367900729179482e-08
2.876642532646655944e-08 4.524061828851699636e-08
3.043833933770656660e-08 4.611188173294067449e-08
2.724810689687729016e-08 4.130548983812332398e-08
2.478260546922683571e-08 3.789123147726059085e-08
2.257004007697105433e-08 4.934069141745567066e-08
2.547696977853775087e-08 4.245677217841148379e-08
2.361867949366569572e-08 3.706106543540954512e-08
2.200702577829361084e-08 3.635778650641441523e-08
2.288244664669036794e-08 3.681299090385436940e-08
2.433558739721774939e-08 4.396678134799003864e-08
2.479589171707630271e-08 3.750956058502197457e-08
2.169548906385898560e-08 3.644725680351257072e-08
2.020832151174545146e-08 3.350418433547019714e-08
1.947551779448985908e-08 3.473469242453575281e-08
1.987538300454616541e-08 3.300521150231361391e-08
1.760937087237834807e-08 3.555566444993019320e-08
1.839419454336166460e-08 3.021373972296714600e-08
1.756165735423564896e-08 3.482212871313094833e-08
1.840372756123542773e-08 2.997887693345546755e-08
1.794846728444099544e-08 2.849722467362880792e-08
1.712317578494548854e-08 2.838651835918426493e-08
1.853864639997482183e-08 3.281683474779129351e-08
2.041391655802726744e-08 3.382261842489242754e-08
1.728784851729869782e-08 2.872366830706596354e-08
1.570953801274299661e-08 3.425536677241325110e-08
1.766208559274673487e-08 2.747216261923313209e-08
1.797731593251228357e-08 3.548126295208930816e-08
1.750483363866806004e-08 2.950437366962432884e-08
1.656126230955124056e-08 2.681170217692851973e-08
1.370867993682622917e-08 2.502157725393772289e-08
1.419082656502723761e-08 2.562417276203632461e-08
1.817887276411056486e-08 2.819433435797691367e-08
1.525652408599853652e-08 2.548091672360897206e-08
1.413292810320854109e-08 2.616158127784728940e-08
1.280485652387142176e-08 2.570417895913123988e-08
1.313370000571012439e-08 2.842370979487895833e-08
1.504674833267927210e-08 2.586472406983375544e-08
1.503540202975273147e-08 2.663323841989040243e-08
1.254275534301996294e-08 2.262249961495399556e-08
1.324429828673601178e-08 2.841739356517791837e-08
1.777611672878265498e-08 2.625971846282482194e-08
1.653226278722286182e-08 2.484990656375884916e-08
2.026493474841117930e-08 2.425641752779483827e-08
1.363358274102210922e-08 2.162964269518852137e-08
1.120915450155735041e-08 2.259174175560474518e-08
1.239425782114267306e-08 2.194189466536045202e-08
1.160358451306819879e-08 2.155021950602531583e-08
1.475245226174592971e-08 2.814328670501708833e-08
1.592540182173252056e-08 2.499242313206195789e-08
1.229880843311548260e-08 2.347994968295097510e-08
1.136711705476045609e-08 2.086882106959819817e-08
1.030493713915348101e-08 2.018127031624317264e-08
1.053998991847038275e-08 2.355705760419368885e-08
1.381688937544822730e-08 2.781754732131957871e-08
1.316242106258869140e-08 2.229270152747631181e-08
1.594929397106170549e-08 2.316386811435222632e-08
1.150753349065780701e-08 2.002150192856788742e-08
1.317091658711433345e-08 2.243971824645995959e-08
1.171298231929540694e-08 2.192446216940879969e-08
1.155005022883415162e-08 1.949207298457622508e-08
1.021960657089948680e-08 1.814256794750690359e-08
1.065388880670070718e-08 2.080422267317771777e-08
1.031042728573083820e-08 2.017677202820777812e-08
9.895389899611473740e-09 2.233053557574748873e-08
8.852193132042884958e-09 1.708647422492504021e-08
9.656396694481373194e-09 1.672098226845264562e-08
9.402235969901084117e-09 1.854896359145641327e-08
1.249105669558048221e-08 2.301183715462684607e-08
1.135232672095298744e-08 2.267092652618884893e-08
8.597585372626780831e-09 1.762731187045574039e-08
9.063399396836756870e-09 1.706620864570140698e-08
9.358563460409641449e-09 1.886623166501522092e-08
1.000735629349946976e-08 2.151374332606792452e-08
1.227128226310014801e-08 1.807616092264652355e-08
1.019432581961154883e-08 1.756649650633335241e-08
8.656252175569534155e-09 1.772969774901866870e-08
8.760493248701096080e-09 1.809890009462833383e-08
8.433042094111442166e-09 1.751025393605232206e-08
8.862106129527091375e-09 1.730867847800254916e-08
8.349873125553130710e-09 1.659769751131534637e-08
1.012390106916427685e-08 1.739763841032982013e-08
7.819679565727710545e-09 1.902607455849647587e-08
1.162437349557876629e-08 2.977917715907096937e-08
1.544177532196045056e-08 1.849180832505226122e-08
7.556808646768331563e-09 1.674050278961658489e-08
7.280032616108656011e-09 1.490289438515901721e-08
7.393719628453254340e-09 1.482995506376028103e-08
6.677559576928615558e-09 1.533415168523788390e-08
7.635236252099275451e-09 1.792134530842304256e-08
8.394601754844189370e-09 1.554674375802278544e-08
8.434666320681571944e-09 1.490207482129335353e-08
7.684925105422734647e-09 1.685475185513496406e-08
7.617589086294173610e-09 1.473878324031829766e-08
7.969053462147712843e-09 1.635061390697956106e-08
7.420222274959087384e-09 1.457075029611587588e-08
7.583717815577984424e-09 1.727405562996864198e-08
8.426864631474018627e-09 1.710201986134052419e-08
6.472001783549785270e-09 1.514422427862882622e-08
9.914429858326912082e-09 1.768347062170505521e-08
1.893507130444049913e-08 3.005250170826911893e-08
2.469415590167045588e-08 2.932431735098361980e-08
1.170526072382927017e-08 1.756951585412025597e-08
7.488173898309469273e-09 1.748255267739295845e-08
7.510235998779534583e-09 2.026152797043323449e-08
8.358226157724857355e-09 1.532566267997026590e-08
7.758366875350474561e-09 1.861053891479969113e-08
8.885386399924755259e-09 2.476776577532291463e-08
8.049723692238331598e-09 1.680966280400752929e-08
6.186028942465781795e-09 1.450663898140192046e-08
6.081041879951953651e-09 1.431603729724883956e-08
7.708712946623562950e-09 1.528571546077728142e-08
7.131739985197782875e-09 1.525790337473154045e-08
8.323693647980689742e-09 1.466272212564945244e-08
8.256120607256888609e-09 2.092720568180084244e-08
7.630014792084693085e-09 1.545892003923654536e-08
6.633809302002191140e-09 1.449535600841045426e-08
6.738381460309028410e-09 1.284319814294576641e-08
6.947763729840516966e-09 1.802053116261959147e-08
7.826530374586581722e-09 1.836839318275451743e-08
6.498954258859157600e-09 1.432428415864706009e-08
6.675267592072486615e-09 1.525650080293417036e-08
7.798744831234216448e-09 1.696532033383846124e-08
6.887461990118026358e-09 1.423182990401983311e-08
6.463719066232443237e-09 1.741253957152366615e-08
9.606093168258666237e-09 2.012692578136921089e-08
2.055501006543636333e-08 1.885027810931205625e-08
1.513784565031528574e-08 1.396720204502344088e-08
1.178718544542789514e-08 1.748116686940193212e-08
8.921716362237930527e-09 1.655050925910472771e-08
6.583797745406627655e-09 1.300458516925573293e-08
6.551173981279134500e-09 1.656742580235004539e-08
6.680701393634081212e-09 1.259459741413593301e-08
7.553145755082368919e-09 1.615635305643081650e-08
8.375673554837703963e-09 2.362797595560550820e-08
7.119376212358474473e-09 1.208966318517923414e-08
5.323681980371475330e-09 1.353330910205841124e-08
5.210210103541612642e-09 1.303651928901672412e-08
5.163659341633320117e-09 1.347778178751468629e-08
5.449644289910793631e-09 1.322933007031679235e-08
9.361461736261844614e-09 1.660644263029098551e-08
7.642265409231185192e-09 1.508995704352855761e-08
5.425088573247194655e-09 1.252123899757862083e-08
5.004340317100286400e-09 1.237969379872083700e-08
6.018234882503747950e-09 1.266768667846918090e-08
5.608350504189729906e-09 1.290982123464345932e-08
6.194144487380981385e-09 1.251456234604120311e-08
6.166761741042136946e-09 1.243212539702653917e-08
6.010264158248901044e-09 1.457083877176046431e-08
9.613191708922386671e-09 1.335370540618896408e-08
5.321566015481948501e-09 1.339807454496622055e-08
4.844246432185172656e-09 1.193563640117645270e-08
5.710181780159473693e-09 1.418218575417995508e-08
8.112576790153980178e-09 1.884460262954235196e-08
7.440013345330953460e-09 1.176410634070634819e-08
4.369359463453292496e-09 1.168160792440175931e-08
4.644268658012151354e-09 1.281966548413038202e-08
5.649362225085497291e-09 1.176968030631542257e-08
5.952449049800634751e-09 1.272944826632738143e-08
6.092127412557601896e-09 1.303574256598949377e-08
5.160627420991659561e-09 1.198713295161724093e-08
5.816077813506126213e-09 1.271481253206729905e-08
6.437374278903007662e-09 1.377477776259183833e-08
8.136693388223648202e-09 1.402987074106931628e-08
7.309589534997940198e-09 1.193819846957921984e-08
6.970345508307218388e-09 1.789111085236072479e-08
9.434274397790431931e-09 1.554425898939371145e-08
7.092735264450311966e-09 1.492034178227186216e-08
6.976834964007139535e-09 1.445618551224470178e-08
4.850280005484819084e-09 1.253140438348054941e-08
5.137604661285876869e-09 1.119881030172109548e-08
4.489557817578315600e-09 1.217773370444774625e-08
4.908066708594561011e-09 1.135436911135911928e-08
5.547243170440196801e-09 1.216711010783910734e-08
6.055775098502636041e-09 1.102045364677905987e-08
5.141268949955702045e-09 1.232830528169870438e-08
6.631213240325451167e-09 1.223328150808811230e-08
5.658297333866358081e-09 1.433033775538206148e-08
5.928447935730218645e-09 1.419696025550365389e-08
5.634021013975143097e-09 1.263884268701076567e-08
4.776486661285161902e-09 1.565997861325740804e-08
6.476217415183782947e-09 1.166973356157541317e-08
6.393342744559049760e-09 1.240195054560899685e-08
5.227855872362851951e-09 1.121278293430805160e-08
9.551784954965113783e-09 1.526096928864717633e-08
7.065501064062118366e-09 1.268714573234319689e-08
5.599077325314283592e-09 1.494443882256746135e-08
4.929820075631141563e-09 9.958627633750438509e-09
5.671687889844179226e-09 1.325078029185533496e-08
6.364374887198209897e-09 1.248328201472759238e-08
6.911330856382846779e-09 1.463518384844064699e-08
5.275685340166091592e-09 1.201375573873519962e-08
4.319439642131328637e-09 1.062183920294046407e-08
6.211686879396438815e-09 1.347082108259201002e-08
5.868013482540846219e-09 1.251166965812444676e-08
4.204862285405397536e-09 1.055280771106481473e-08
7.573900278657674961e-09 1.179422624409198796e-08
7.514128461480141012e-09 1.361766550689935715e-08
5.368240643292665655e-09 1.230740826576948127e-08
4.755523055791854826e-09 1.108826138079166383e-08
6.280726753175258390e-09 1.238594762980937975e-08
6.360328756272792769e-09 1.239571906626224468e-08
5.312783177942037534e-09 1.009785849601030282e-08
3.881826298311352639e-09 1.080000214278697905e-08
5.560004618018865350e-09 1.382028777152299858e-08
4.831822123378514886e-09 1.288401801139116266e-08
8.297380991280079170e-09 1.841937936842441452e-08
1.004521735012531348e-08 1.049307826906442633e-08
6.698245182633400347e-09 1.318894606083631585e-08
5.101581104099750736e-09 1.180053967982530617e-08
5.359883420169353896e-09 1.121200621128082291e-08
5.199897103011607973e-09 1.172204501926898886e-08
5.155597347766161372e-09 1.329894363880157418e-08
4.489082843065261490e-09 1.266568992286920580e-08
6.320874206721782574e-09 2.374295890331268437e-08
8.921537548303604176e-09 1.216973364353179941e-08
5.052775610238313304e-09 1.181782595813274411e-08
4.668477922677993750e-09 1.100135687738656949e-08
3.559524193406105162e-09 1.008339226245880099e-08
3.410705598071217414e-09 1.017872150987386663e-08
3.945139702409505773e-09 1.063237432390451456e-08
4.014602396637201147e-09 1.188757363706827112e-08
7.284100167453288981e-09 1.359737757593393333e-08
4.658456891775130898e-09 1.142404880374670062e-08
5.603542551398277537e-09 1.060557831078767800e-08
6.656453479081392249e-09 1.259789709001779613e-08
5.215160083025694286e-09 1.098151691257953630e-08
3.956553060561418167e-09 9.216068312525749389e-09
4.530661739408969571e-09 1.231445651501417206e-08
4.968374036252498439e-09 1.395534258335828735e-08
7.646581623703242165e-09 1.479604840278625481e-08
6.002805661410093112e-09 1.178765762597322419e-08
5.556770600378513110e-09 1.051666680723428718e-08
5.229073576629161911e-09 1.598676107823848721e-08
6.513490807265043217e-09 1.164579298347234808e-08
7.396408356726169512e-09 1.167454104870557858e-08
3.983203787356615091e-09 9.315207600593567636e-09
3.199280006811022678e-09 9.626083076000212800e-09
4.231416620314121106e-09 1.260945759713649683e-08
5.776327103376388258e-09 9.817631915211676853e-09
4.641508683562278480e-09 1.014740020036697371e-08
6.263532675802707859e-09 1.293378416448831499e-08
4.866126924753189033e-09 9.768490679562092003e-09
3.968274686485529187e-09 1.171903498470783276e-08
3.491119481623172790e-09 9.168035350739956360e-09
3.277257783338427693e-09 9.129112586379051489e-09
3.665174357593059570e-09 1.102019194513559357e-08
4.044590983539819974e-09 1.242285687476396575e-08
5.975448526442051283e-09 1.453047804534435232e-08
9.799826890230179199e-09 1.314084790647029890e-08
6.537008099257946369e-09 1.208790950477123209e-08
7.735141087323427094e-09 1.629651151597500010e-08
5.429608281701803362e-09 1.084238477051258014e-08
5.745992064476012849e-09 1.358498726040124923e-08
6.108413450419902797e-09 1.711803860962390949e-08
5.008337553590536412e-09 9.238904342055319979e-09
4.221394192427396549e-09 9.606997482478619365e-09
3.794116899371147488e-09 1.072677224874496524e-08
3.620595671236515109e-09 8.836334571242332756e-09
3.722309134900570114e-09 1.171031873673200660e-08
3.992198500782251330e-09 9.734489955008030541e-09
3.411184763535857053e-09 8.699933998286724280e-09
3.844024846330285201e-09 9.244074113667010992e-09
3.414477920159697370e-09 9.841405786573886452e-09
6.794686429202556793e-09 1.436519064009189528e-08
6.849578581750392883e-09 1.536466833204030907e-08
5.686758551746606617e-09 1.111270580440759600e-08
5.260778125375509316e-09 1.020682416856288854e-08
4.267720971256494590e-09 1.211993396282196120e-08
4.769128281623125480e-09 1.007715333253145251e-08
3.835470881313085512e-09 8.492627181112765666e-09
3.149355063214898132e-09 9.682958945631980861e-09
3.167667193338274900e-09 8.913933299481868815e-09
4.947460722178221011e-09 1.508514769375324271e-08
5.652244668453931435e-09 9.845475666224955873e-09
5.445146001875400766e-09 1.150974351912736826e-08
6.227308418601750920e-09 1.253640465438365987e-08
4.601665306836366980e-09 8.657222613692283471e-09
3.233912633731961387e-09 9.154672734439373449e-09
3.048024140298366345e-09 9.307414293289184549e-09
4.830846097320317923e-09 1.198410894721746447e-08
1.067800726741552304e-08 1.869351603090762980e-08
6.395231001079082295e-09 1.308141835033893559e-08
4.407264757901430426e-09 8.453272283077240021e-09
3.149365773424506052e-09 1.036256551742553768e-08
3.460387233644723780e-09 9.712058119475841663e-09
4.077245015650987814e-09 1.536709722131490825e-08
6.709471344947815334e-09 1.045742630958557160e-08
4.426010884344577459e-09 1.129127759486436890e-08
5.617527756839990652e-09 1.013100426644086854e-08
6.265208590775728163e-09 1.437925267964601540e-08
1.129147876054048584e-08 1.528353244066238531e-08
6.821429356932640301e-09 9.867458604276180209e-09
4.454435314983129745e-09 1.203853823244571732e-08
5.805513355880975785e-09 1.261284947395324736e-08
4.116086289286613607e-09 9.518355131149291172e-09
2.972869900986552117e-09 8.682323619723319516e-09
3.626459045335650549e-09 9.386668913066386774e-09
4.822521936148405085e-09 1.088464818894863198e-08
5.141002126038074224e-09 9.647307917475700051e-09
5.029103253036737747e-09 1.131790131330490151e-08
4.897258710116148095e-09 1.071521360427141238e-08
4.262348636984824935e-09 9.570016525685787046e-09
3.802854800596833388e-09 9.332796558737754077e-09
4.004966001957655312e-09 1.134916208684444506e-08
5.602183286100626088e-09 1.709548942744731754e-08
5.934139713644981393e-09 1.136220246553421064e-08
9.346399456262588280e-09 1.481357961893081695e-08
5.463641136884688999e-09 1.075865793973207462e-08
3.170534968376159488e-09 8.377338759601115932e-09
2.671013819053768990e-09 7.993201725184917256e-09
2.608886919915675972e-09 7.762623485177756083e-09
3.565084887668490450e-09 1.118865795433521335e-08
3.680123481899500023e-09 9.732891805469990332e-09
3.315067617222666601e-09 9.244755841791630514e-09
5.322205834090709432e-09 8.559306152164936700e-09
3.271596506237983523e-09 8.001563139259815785e-09
4.296656697988510277e-09 9.588921442627906293e-09
3.239095211029052878e-09 9.119507856667042043e-09
3.544230945408344165e-09 8.305575698614120560e-09
3.226266475394368262e-09 9.968592785298824066e-09
3.666086820885539035e-09 9.878529235720634178e-09
4.035627935081720124e-09 9.151054546236991979e-09
2.972052432596683475e-09 9.164290502667427679e-09
5.690635647624730983e-09 9.157233871519565009e-09
6.787383463233709052e-09 1.517974771559238590e-08
7.340737618505954414e-09 1.174576859921217047e-08
5.296623799949884671e-09 9.770653210580348670e-09
3.474359167739749044e-09 9.101102128624915331e-09
4.855981562286615421e-09 1.181938219815492655e-08
7.494403515011071951e-09 1.672144047915935431e-08
8.561274036765098822e-09 1.053064595907926569e-08
3.592837136238813323e-09 8.450035937130451331e-09
3.119479399174451705e-09 9.096091613173485146e-09
3.094774205237627144e-09 9.858773089945316514e-09
3.188341856002807461e-09 8.350300602614880237e-09
3.653995459899306101e-09 8.328248746693134648e-09
4.218434914946556228e-09 1.016405969858169633e-08
3.378911642357706834e-09 7.822692394256591710e-09
2.539588138461113087e-09 7.876188494265080102e-09
2.754337852820754090e-09 8.250782266259192620e-09
3.677560947835445518e-09 9.138141758739947527e-09
3.193390555679798082e-09 1.264391187578439739e-08
7.824954576790332101e-09 1.703540608286857543e-08
5.899203475564718199e-09 1.012504100799560506e-08
3.667342709377408191e-09 7.857745513319968527e-09
2.967900130897760231e-09 7.691040169447660980e-09
2.966827945783734220e-09 7.576126605272293847e-09
4.233222920447587603e-09 8.768247440457344813e-09
3.916281275451183222e-09 8.709293790161609532e-09
2.952246926724910909e-09 8.075729012489319117e-09
3.155810292810201719e-09 9.751328267157077861e-09
3.424173686653375589e-09 7.626361213624477898e-09
4.212393425405025704e-09 7.591190282255411886e-09
2.773187821730971202e-09 9.147985838353634346e-09
3.449463751167058945e-09 9.813145734369754854e-09
4.005036782473326056e-09 9.676079265773296704e-09
4.081869497895240931e-09 1.064273621886968552e-08
4.357305355370044426e-09 7.763759698718786966e-09
3.659928450360894060e-09 1.108704973012208930e-08
3.849459346383809823e-09 9.053931571543216011e-09
3.086181823164224779e-09 7.487151771783828604e-09
2.520401496440172156e-09 8.947062306106090765e-09
2.974347677081823200e-09 8.761512115597725553e-09
3.950165584683418021e-09 8.780004456639289550e-09
6.737587973475455953e-09 1.078079454600810966e-08
6.634426768869161484e-09 1.181972119957208600e-08
4.767634440213441896e-09 1.284949760884046591e-08
4.211566876620054325e-09 1.137738209217786839e-08
5.837459117174148400e-09 1.043525338172912562e-08
6.169015076011419320e-09 1.198560092598199857e-08
4.785392433404922753e-09 9.665822610259056289e-09
5.009262356907128982e-09 9.031630121171474982e-09
3.654443658888339790e-09 8.916696533560752886e-09
3.945064730942249088e-09 9.281474165618419300e-09
3.723525675013661436e-09 9.066454134881495800e-09
2.994704293087124787e-09 8.358628489077091231e-09
2.426382387056946954e-09 8.834396488964557533e-09
3.292080946266650961e-09 8.795560337603091599e-09
4.048076458275317972e-09 1.028825156390666881e-08
3.367878263816237316e-09 8.027753792703152046e-09
3.074025735259056122e-09 7.677710615098476163e-09
2.744123339653015332e-09 8.307212963700295123e-09
2.712710294872522373e-09 7.010231260210275438e-09
2.856231294572353258e-09 9.036639705300331249e-09
4.446191247552633453e-09 9.099840186536312809e-09
4.559620749205350591e-09 1.044501829892396981e-08
3.502076957374811291e-09 8.967406116425991047e-09
2.398485783487558356e-09 8.836138993501662638e-09
3.031458240002393665e-09 7.276691496372222911e-09
2.401231322437524741e-09 7.425612770020961684e-09
3.155774669721722454e-09 7.666752673685550703e-09
4.106974229216575958e-09 8.206451311707496590e-09
3.464677603915333835e-09 7.860731333494186204e-09
8.038354106247424806e-09 1.346915308386087464e-08
4.653822630643844192e-09 1.157334446907043421e-08
3.836401738226413515e-09 9.438840672373772131e-09
4.726558458060026159e-09 1.024582050740718922e-08
5.745544563978910840e-09 1.065172161906957596e-08
2.883624983951449511e-09 7.372587919235229248e-09
2.243773313239217005e-09 7.674482185393571570e-09
2.997722243890166226e-09 1.035499665886163769e-08
3.168340539559722125e-09 7.617698051035404790e-09
2.502358518540859246e-09 8.091700263321399826e-09
2.285116352140903628e-09 7.197885774075985226e-09
2.267183270305394989e-09 7.288713473826646805e-09
2.294698031619191221e-09 6.752322427928447311e-09
2.284605754539370666e-09 7.382656447589397510e-09
2.610998693853616859e-09 7.845735177397727712e-09
2.921973820775747401e-09 7.244609761983156454e-09
3.562405705451965388e-09 8.626102469861507489e-09
5.129609256982803753e-09 1.050306763499975196e-08
6.532374769449234409e-09 1.015206519514322206e-08
4.646986257284879505e-09 9.466795250773430167e-09
3.354370361194014348e-09 8.819981478154659267e-09
3.589440835639834607e-09 1.011197082698345259e-08
2.741946838796138721e-09 7.355367299169302188e-09
2.979313954710960411e-09 1.044781971722841266e-08
3.567616455256939005e-09 9.391863830387591784e-09
2.641523489728570019e-09 8.762329816818238089e-09
2.824733499437570437e-09 8.894282393157481694e-09
3.976532258093357224e-09 9.023467078804969982e-09
3.968740813434123628e-09 7.890988141298294557e-09
2.492378698661923306e-09 7.229971699416637624e-09
1.955577870830893626e-09 7.289736066013574434e-09
2.542492933571338645e-09 8.283297531306744036e-09
2.515270607545972018e-09 1.181596517562866202e-08
3.616726491600274840e-09 8.599134162068366965e-09
3.064667573198676054e-09 9.349037893116474631e-09
3.268392756581306382e-09 9.526536799967289431e-09
2.737211296334862693e-09 8.310400880873203656e-09
2.663262886926531867e-09 7.901395671069622262e-09
3.608482191339135068e-09 1.064374763518571868e-08
3.902504686266184183e-09 8.441151119768620190e-09
3.131875768303871241e-09 8.189992979168892557e-09
2.877637511119246376e-09 8.209142833948135998e-09
5.296741612255573040e-09 1.385451294481754314e-08
4.506947472691536249e-09 7.888698019087315106e-09
2.476518508046865507e-09 8.235701359808444682e-09
2.529143122956156626e-09 8.352152071893214868e-09
2.608111593872308573e-09 9.152379818260668933e-09
2.829784061759710136e-09 8.256327360868454021e-09
2.591160824522376224e-09 7.796312216669321591e-09
2.698953729122877056e-09 7.713972125202417965e-09
2.114703878760337983e-09 8.097762241959571447e-09
3.176271915435791196e-09 1.524201035499572845e-08
8.531944826245308103e-09 1.336130965501069944e-08
4.017536994069814430e-09 9.302019141614436520e-09
2.964534796774387465e-09 7.797235157340764670e-09
2.121752593666314901e-09 7.542921695858240466e-09
2.214386360719799912e-09 7.839928381145000005e-09
3.686881158500909870e-09 8.517337031662464783e-09
4.091192502528429107e-09 1.092130783945322089e-08
6.753753870725632035e-09 1.089340262115001693e-08
5.388519261032342840e-09 8.439322933554650064e-09
3.848179476335644896e-09 7.381819188594817797e-09
2.817830769345164428e-09 1.025729719549417439e-08
3.630050923675298556e-09 7.936129346489906813e-09
3.496807999908923928e-09 8.296941407024860431e-09
2.615698613226413622e-09 7.931682281196117514e-09
2.557994099333882452e-09 8.955903351306914651e-09
3.768272465094923913e-09 8.957562968134879801e-09
2.830758690834045395e-09 8.316673338413238017e-09
4.593386780470610061e-09 8.283739909529686185e-09
5.232683848589658457e-09 9.058217518031596646e-09
3.437658539041876704e-09 8.398605510592460948e-09
1.978204585611820115e-09 6.979887839406728973e-09
2.490690909326076443e-09 8.387075737118721063e-09
2.307408722117543162e-09 9.950317442417145201e-09
8.018230088055133066e-09 9.733735583722590783e-09
3.690246259793639155e-09 9.805637411773204233e-09
4.451067652553320116e-09 1.156731601804494847e-08
5.824942607432604045e-09 8.500740863382816592e-09
2.689553424715995745e-09 8.068656548857688252e-09
2.073417650535702572e-09 7.749464362859725733e-09
2.575012389570474762e-09 8.577399887144565804e-09
2.461378928273916450e-09 8.578781969845294799e-09
2.691005123779177671e-09 7.768361829221248670e-09
2.467296784743666653e-09 7.157613057643175535e-09
2.042752224951982671e-09 7.457113359123468741e-09
2.249032724648714259e-09 8.269521407783031956e-09
3.101204521954059800e-09 8.358358405530453040e-09
3.104118164628744201e-09 8.359182626008987969e-09
2.646643202751874863e-09 8.381091989576816497e-09
2.947160275653004572e-09 7.213738281279801994e-09
2.372075803577900098e-09 7.628530729562044744e-09
2.308820607140660295e-09 7.946888916194438746e-09
1.879215589724481079e-09 7.114518899470568029e-09
2.621460007503628888e-09 7.004733663052320276e-09
3.356371540576219698e-09 7.924296893179416776e-09
2.350613474845886206e-09 6.908134557306766362e-09
1.978257670998573172e-09 7.484947796911001959e-09
2.772565698251128371e-09 8.729899302124977775e-09
2.629779046401381452e-09 7.654120214283465816e-09
2.125765662640333108e-09 6.746280938386916786e-09
1.857107621617615129e-09 6.812798324972391369e-09
2.164732664823532195e-09 8.388670161366462289e-09
2.022310160100459957e-09 7.995064370334148835e-09
3.151382319629192224e-09 9.189601056277752545e-09
2.941775368526577918e-09 8.527051657438277672e-09
3.001370700076222380e-09 9.062874130904674766e-09
6.204171106219291883e-09 1.333911810070276185e-08
4.220291506499052374e-09 8.513338863849640025e-09
2.573839621618390282e-09 8.838583715260028362e-09
3.050714498385787115e-09 1.008187327533960340e-08
2.498573856428265772e-09 7.663647644221782125e-09
2.924590604379773190e-09 7.259917911142110901e-09
2.473898930475115895e-09 9.388582780957221920e-09
3.016072558239102190e-09 8.122838102281093494e-09
2.747548511251807028e-09 7.421706337481737379e-09
3.644884796813130571e-09 7.842516526579856708e-09
5.363421980291604951e-09 1.093057263642549532e-08
4.895003046840429270e-09 8.494490757584571164e-09
2.706792904064059129e-09 7.616525050252676830e-09
2.147857332602143490e-09 7.229141425341368089e-09
2.019259147346019596e-09 7.338341791182756633e-09
2.193973399698734485e-09 7.097887806594371425e-09
2.869786694645881636e-09 8.294666185975075256e-09
3.587452229112386669e-09 7.646779064089060120e-09
2.852587960660457791e-09 8.342294022440911000e-09
2.587394788861274768e-09 7.640058640390635137e-09
2.886305795982480171e-09 8.090163581073284559e-09
3.905273042619228114e-09 8.269765414297580577e-09
2.530566416680812946e-09 7.517753634601831006e-09
2.520775422453880425e-09 7.344297133386135179e-09
1.752594951540231776e-09 7.317890878766775489e-09
2.847594674676656678e-09 9.229396469891070847e-09
3.932844381779432493e-09 7.982066832482814936e-09
2.231042599305510513e-09 8.548702113330364959e-09
2.986202482134103824e-09 1.147580612450838123e-08
3.519124351441860060e-09 7.525988388806582323e-09
3.565444611012935709e-09 8.585410192608834024e-09
2.935775322839617785e-09 8.134494535624980590e-09
2.435897942632436704e-09 7.383152376860380503e-09
9.995089843869209462e-09 1.418743748217821048e-08
1.551711931824684254e-08 1.351917348802089697e-08
3.665898693725466882e-09 8.305638097226619420e-09
2.929225796833634228e-09 8.484645746648312081e-09
2.380873076617717556e-09 7.155042607337236518e-09
2.312968717887997597e-09 8.546820841729641775e-09
2.426143968477845153e-09 7.705664727836848067e-09
2.198676345869898964e-09 8.023283444344996588e-09
3.616990754380822317e-09 1.030920445919036838e-08
3.494273638352751549e-09 7.125028409063815907e-09
2.425465499982237654e-09 7.420954760164022686e-09
2.614919329062104174e-09 7.837168872356414917e-09
1.628966536372899975e-09 6.741579622030258319e-09
1.596125657670199948e-09 6.335590034723281500e-09
2.126932842656969941e-09 9.650624357163905287e-09
2.654075389727950159e-09 8.771666325628757181e-09
4.983725957572460141e-09 1.419339422136545156e-08
4.002739675343036426e-09 7.315635681152343624e-09
2.620917279273271750e-09 7.576813455671072403e-09
2.608343260362744502e-09 8.093548007309437129e-09
2.125655068084597571e-09 7.061664015054703100e-09
3.188622649759053986e-09 9.157909080386162139e-09
2.632454968988895319e-09 9.135019965469836837e-09
2.781930379569530417e-09 7.044970057904720676e-09
1.807995256967842638e-09 6.693652831017971405e-09
1.962529495358467165e-09 7.242360152304172235e-09
1.901748124510049958e-09 7.152598351240157754e-09
1.806106301955878836e-09 6.770075298845768308e-09
1.912333420477807322e-09 6.768476683646440313e-09
2.014644211158156588e-09 6.663176696747541468e-09
1.683814101852476631e-09 7.090646307915449452e-09
2.356932498514652059e-09 7.792450487613677633e-09
2.544821240007877292e-09 8.980289101600646947e-09
4.473852925002574926e-09 9.526280686259269944e-09
2.629012567922472897e-09 9.538536891341208871e-09
3.312523011118173675e-09 7.101618684828281402e-09
2.058633603155612832e-09 6.750374566763639326e-09
2.748999046161770729e-09 6.405629683285951985e-09
2.619712147861719202e-09 1.327993907034397121e-08
7.117786444723606149e-09 8.686359040439129137e-09
3.477517981082201118e-09 8.991577662527561620e-09
3.156199352815747330e-09 9.550156071782112758e-09
6.297026760876178821e-09 9.303827770054341123e-09
5.165429320186376498e-09 8.113380521535874010e-09
3.529485780745744886e-09 7.448811084032058704e-09
2.808774355798959767e-09 7.218876387923955790e-09
2.244959119707345856e-09 6.599979940801858890e-09
2.662483835592865899e-09 6.597018335014581292e-09
1.933732652105391088e-09 7.809958420693873609e-09
2.833741949871182314e-09 8.433533832430840044e-09
3.796654986217617608e-09 7.989265024662017440e-09
2.925192704424261885e-09 7.974942214787006587e-09
3.177740611135959543e-09 7.369435392320156086e-09
2.065154490992426889e-09 6.001234520226717219e-09
1.542556565254926722e-09 6.245311815291642930e-09
1.723008346743881604e-09 6.640390958636998872e-09
1.941452152095734888e-09 6.624978501349687802e-09
2.075962256640195912e-09 5.848608911037444996e-09
1.453356468118727236e-09 5.980623420327902156e-09
1.498057506978511848e-09 5.910454783588648010e-09
2.006601309403777233e-09 6.333065219223499230e-09
2.221652306616306270e-09 6.322155240923166140e-09
1.985295210033655211e-09 6.495435256510972894e-09
2.188601298257708722e-09 8.150002919137478056e-09
3.138795727863907977e-09 7.900086231529713503e-09
2.878245431929826610e-09 6.418981123715638775e-09
4.181714728474617124e-09 9.264476597309112806e-09
5.142439156770705767e-09 6.845433264970779817e-09
4.048578906804323358e-09 8.080043829977512730e-09
3.000143682584166617e-09 7.401753682643174852e-09
3.066775389015674479e-09 6.897419691085815603e-09
3.291633445769548538e-09 1.010883878916502052e-08
2.964074024930596365e-09 7.791116368025541009e-09
2.311496064066886789e-09 6.808465812355280069e-09
2.258877502754330690e-09 7.012989372014999648e-09
2.391340676695108497e-09 6.326065398752689428e-09
2.058112295344471949e-09 6.442421115934848792e-09
1.767048379406332923e-09 6.410962436348199499e-09
1.830016379244625549e-09 6.615957710891961992e-09
2.303401706740259975e-09 6.901704240590333706e-09
1.999395433813333699e-09 6.734348367899656067e-09
1.610227627679705567e-09 6.401905324310064399e-09
2.403279300779104236e-09 6.462783087044954546e-09
5.727906245738267843e-09 9.078410454094409638e-09
5.697188433259725736e-09 8.418723009526730295e-09
2.447600010782480133e-09 7.774118334054946728e-09
3.148887772113084639e-09 7.574999239295720980e-09
4.302212968468666144e-09 1.244678162038326264e-08
3.941880073398351751e-09 7.724773138761519875e-09
2.783558098599314871e-09 9.214726276695728668e-09
3.661759896203875382e-09 6.984303239732981056e-09
2.789001446217298336e-09 6.758819799870252556e-09
1.989207696169614949e-09 6.396070588380098459e-09
2.740463241934776512e-09 9.820862673223018724e-09
3.011694876477122343e-09 7.800249848514795326e-09
2.103050006553530817e-09 5.993937607854604911e-09
1.739775412715971429e-09 6.179131101816892994e-09
1.541052130050957164e-09 5.982379429042339006e-09
1.700775348581373628e-09 6.058502476662397780e-09
1.753792632371187187e-09 6.621494889259338468e-09
1.691947225481271753e-09 5.749961826950311587e-09
2.116330899298191170e-09 6.174081470817327627e-09
1.958784880116581964e-09 6.937561091035604354e-09
3.499834332615137251e-09 7.092564832419156672e-09
2.628550166264176198e-09 7.513531483709812591e-09
3.357771551236510271e-09 8.016042411327362401e-09
4.084838554263114841e-09 7.499801926314831176e-09
2.384811872616410343e-09 9.207631461322307216e-09
2.268156735226512023e-09 7.868655957281589403e-09
2.233016770333051548e-09 7.196682970970868714e-09
2.654885640367865557e-09 7.245167158544063562e-09
2.376525197178125434e-09 6.914234720170497591e-09
2.035195240750908827e-09 6.716792006045579934e-09
2.648248104378580944e-09 7.461347151547670236e-09
1.995990285649895726e-09 6.382270716130733260e-09
1.757680904120206847e-09 6.702078972011804417e-09
1.554184360429644525e-09 6.733066868036985541e-09
1.621973817236721471e-09 6.008983589708805264e-09
1.287506194785237381e-09 6.034738384187221770e-09
1.561826793476939288e-09 6.171698216348886845e-09
2.112061483785509997e-09 7.449739612638950256e-09
1.967676915228366763e-09 7.519395556300878470e-09
1.883225399069488090e-09 6.775356363505125297e-09
1.883347635157406294e-09 6.530088372528553113e-09
1.544611877761781202e-09 6.701476406306028350e-09
2.477427013218402923e-09 7.527050562202931266e-09
3.798949765041470788e-09 7.712051272392272640e-09
4.917346406728028890e-09 9.014835581183433263e-09
2.788793528452515526e-09 6.440085358917713421e-09
1.928843092173338108e-09 6.584207527339458668e-09
2.679687226191163059e-09 6.577395834028721019e-09
2.113162074238062028e-09 7.655571680516003849e-09
1.794295269064605261e-09 6.616017781198024402e-09
1.491935225203633304e-09 6.259134504944085676e-09
1.731205615215003545e-09 6.938823498785495489e-09
2.716419985517859575e-09 7.510666269809007520e-09
1.904998440295457765e-09 5.887743085622787354e-09
1.840981654822826408e-09 6.701321341097355118e-09
2.129486994817852977e-09 6.664231419563293273e-09
1.478562480770051378e-09 6.261755712330341300e-09
1.849165651947259877e-09 6.904547102749347363e-09
2.364639425650238860e-09 6.376913283020257880e-09
2.120312768965959534e-09 6.126523483544587881e-09
3.041818039491772480e-09 1.078233309090137441e-08
3.936431836336851491e-09 8.915446698665619576e-09
4.064633976668119596e-09 1.396591681987047219e-08
3.925530705600977244e-09 7.381468545645475274e-09
2.949966583400964632e-09 6.854744162410497954e-09
2.001104177907109444e-09 6.957513280212879095e-09
2.079061465337872536e-09 6.510115228593349490e-09
1.940843067131936428e-09 6.666596047580242451e-09
3.153139725327491606e-09 7.534941192716360799e-09
3.830244299024343286e-09 7.171267177909612478e-09
2.059153513982892010e-09 6.987389177083969415e-09
2.059208229184150666e-09 8.686623536050318853e-09
2.835583640262484598e-09 7.752284873276949631e-09
2.737980103120207700e-09 7.660516072064637846e-09
3.066725097596645245e-09 6.398437079042196301e-09
3.224764717742800580e-09 7.679045200347900574e-09
4.634812939912080534e-09 9.089395403862000241e-09
4.968367982655763833e-09 7.838447578251361206e-09
3.643310163170099175e-09 8.447403088212013455e-09
2.240699715912342164e-09 7.131725549697876385e-09
1.654903404414653821e-09 6.438849959522485774e-09
1.496844692155718888e-09 6.801613606512546360e-09
2.321415347978472532e-09 6.538041867315769292e-09
1.981212291866541006e-09 6.232644431293010458e-09
1.493076095357537295e-09 5.846579559147357933e-09
1.598050002939999121e-09 6.463055964559316974e-09
1.543540507555007990e-09 6.265162024646997497e-09
1.541732694022357427e-09 6.966735236346721842e-09
1.612234278582036410e-09 5.916438996791839535e-09
1.315756700932979491e-09 6.121032405644655112e-09
1.685477443970739936e-09 5.770298186689615558e-09
1.327852252870798159e-09 5.836237221956253325e-09
1.343320356681942838e-09 6.070816423743963493e-09
1.396073726937174759e-09 5.637287627905607298e-09
2.196968765929341443e-09 7.342382334172725287e-09
2.262029564008116892e-09 6.683061365038156662e-09
2.706101629883050739e-09 7.231421768665313952e-09
2.324388362467288904e-09 7.519854698330164386e-09
2.983944956213235921e-09 6.838652305305003811e-09
1.991046126931905623e-09 6.148412823677063101e-09
1.581205520778894421e-09 6.417362950742244430e-09
1.306221471168100824e-09 6.023939698934554656e-09
1.299575320445001054e-09 5.827407818287610865e-09
1.228701788932085033e-09 5.886655766516923587e-09
1.536809839308261839e-09 5.865843035280704627e-09
2.038027392700314564e-09 6.196364760398864838e-09
2.156720962375402270e-09 6.042133551090956096e-09
2.663238439708948309e-09 7.478832732886075626e-09
3.745386609807610635e-09 1.057074218988418631e-08
3.631430212408304141e-09 7.725349627435207200e-09
2.166787628084421041e-09 6.590005010366439745e-09
1.453500939533114494e-09 5.686998832970857909e-09
1.571199856698513012e-09 7.766783237457275638e-09
7.406237535178661228e-09 9.876763448119162912e-09
5.987411364912986687e-09 8.428678847849368395e-09
2.566179260611534146e-09 6.174682173877954203e-09
1.425353344529867097e-09 5.719076376408338423e-09
1.801066682673990745e-09 6.409894675016402910e-09
1.895787310786545299e-09 9.352660737931729002e-09
2.533988328650593858e-09 6.051959004253148829e-09
3.098828718066215329e-09 5.807606037706136454e-09
2.311845775693654979e-09 6.349835544824600044e-09
3.576314076781272740e-09 7.077106274664401895e-09
2.364389132708310913e-09 5.950730293989181110e-09
1.565235550515353676e-09 6.572221405804157105e-09
1.987254479900002383e-09 6.813687738031148567e-09
1.992746256291866419e-09 7.032965309917926681e-09
1.620583818294107966e-09 5.633554421365260870e-09
1.420363900251686500e-09 6.282363552600145166e-09
1.200981554575264389e-09 5.942506249994039781e-09
1.949620200321078216e-09 6.233674939721823012e-09
1.505973166786134258e-09 6.237879395484924568e-09
1.244239625521004177e-09 6.596613209694624007e-09
1.847848179750144453e-09 6.380856968462467049e-09
2.349654678255319555e-09 6.107106804847717447e-09
1.784987631253898115e-09 6.172560621052980555e-09
2.476694528013467621e-09 7.240307983011007626e-09
2.227600198239088091e-09 5.972741637378930639e-09
1.369441743008792421e-09 5.618344526737928442e-09
1.433776575140654959e-09 6.345469504594802864e-09
1.409798860549926753e-09 7.084815762937068626e-09
4.980268422514200377e-09 8.504613302648068057e-09
5.135588813573122377e-09 8.067422546446323137e-09
4.403002094477415125e-09 7.687260862439870846e-09
1.974127255380153556e-09 6.015143822878598903e-09
1.201322185806930050e-09 5.551964510232210232e-09
1.269013388082384978e-09 6.123350467532872797e-09
1.511971466243267053e-09 5.888047162443399211e-09
1.413134043104946574e-09 7.825811393558978991e-09
1.897266600281000033e-09 6.629943381994962894e-09
1.927708042785525450e-09 6.086508277803659383e-09
3.177802776917815337e-09 7.411714643239975294e-09
4.556391853839159039e-09 7.495365571230649384e-09
3.396276151761412659e-09 7.940439507365227526e-09
2.816399093717336638e-09 7.377363741397857441e-09
1.743020256981253535e-09 6.600069813430309025e-09
1.919850241392850946e-09 6.169983185827732187e-09
1.920927898027002657e-09 5.536356475204229044e-09
1.805509789846837582e-09 6.553835235536098396e-09
1.800177386030554873e-09 5.924326833337545658e-09
1.543019083328545161e-09 5.906914360821247463e-09
1.484817708842456252e-09 7.191524840891361608e-09
1.557713723741471725e-09 5.727310199290514168e-09
1.467307098209857986e-09 5.993501748889684328e-09
1.791004789993166821e-09 5.343931261450052577e-09
1.539074350148439507e-09 5.819812417030334346e-09
2.115234499797225081e-09 6.703486200422048236e-09
1.652914681471884350e-09 5.735548678785562813e-09
1.492595532909035744e-09 5.362040363252162916e-09
3.099379828199744350e-09 8.682318963110446615e-09
4.847860429435968184e-09 9.722642600536346228e-09
3.309205174446105907e-09 7.246836088597774514e-09
2.084971871227026014e-09 6.384065840393304464e-09
1.239798846654593997e-09 5.636908113956451796e-09
1.108071184717118795e-09 5.723148584365845121e-09
1.361881964839994961e-09 5.570202600210905060e-09
1.219536294229328693e-09 6.057125516235828646e-09
2.331418450921773805e-09 7.198906503617763363e-09
1.767563866451382680e-09 5.777937825769186292e-09
2.636089222505688463e-09 6.938358303159474967e-09
4.269354976713657130e-09 9.379399940371513527e-09
7.157974410802125565e-09 1.570343784987926456e-08
9.150793775916099591e-09 1.200556196272373215e-08
4.838136490434407838e-09 6.825435440987348330e-09
2.499211812391877211e-09 7.382398936897516318e-09
1.563768833875656147e-09 6.233518477529287248e-09
1.197071862407028681e-09 5.514870397746563273e-09
1.345726661384105680e-09 5.952692590653896412e-09
1.129341428168118072e-09 5.774259101599454626e-09
1.366581185720860871e-09 5.908957216888666270e-09
1.570089254528284119e-09 5.402557086199522054e-09
1.180231920443475348e-09 5.624425131827592494e-09
1.232799259014427674e-09 5.202920176088809686e-09
1.212711795233190152e-09 6.403453182429074960e-09
1.604919787496328363e-09 5.380659829825162738e-09
1.157767954282462502e-09 5.337994545698165636e-09
1.094155362807214305e-09 5.663864780217409241e-09
1.196189434267580421e-09 5.330878309905529170e-09
1.431596698239445619e-09 5.755095742642879442e-09
1.493919640779495300e-09 6.001978646963834774e-09
1.892270171083510085e-09 6.578489206731319391e-09
2.058091573417186547e-09 5.706564988940953928e-09
2.390431473031640229e-09 5.937279202044009769e-09
1.942815142683684905e-09 5.518778692930937069e-09
1.362709561362862618e-09 6.149085704237222953e-09
1.600868999958038333e-09 5.385022610425948722e-09
1.486252644099295239e-09 5.603444296866655518e-09
1.957213506102561764e-09 6.240508984774351248e-09
1.625197357498109269e-09 6.738907657563686088e-09
1.477969693951308692e-09 5.639436189085245262e-09
1.308240578509867133e-09 5.781026091426611102e-09
1.071546459570527035e-09 6.162968929857015894e-09
1.366438693366944844e-09 5.439528264105319958e-09
1.300554256886243787e-09 5.669056437909603054e-09
1.166820060461759481e-09 5.351857282221317481e-09
1.209672191180288771e-09 5.212628282606601837e-09
1.245992374606430451e-09 7.137857843190431790e-09
4.459654446691274833e-09 6.846317090094089369e-09
2.975875511765480037e-09 8.460119366645812216e-09
2.970719942823052448e-09 6.591381970793008879e-09
1.698838314041495303e-09 6.362392101436853499e-09
1.653243554756045398e-09 5.730276461690664667e-09
2.019117819145322002e-09 7.398916874080896628e-09
1.786871696822345328e-09 6.039354018867016044e-09
1.914473366923630336e-09 7.664893753826618106e-09
3.852955764159560049e-09 1.453137677162885698e-08
3.558248281478881870e-09 7.060310803353786257e-09
2.137109404429793397e-09 7.118158042430877553e-09
1.704896101728081602e-09 5.661540664732456122e-09
1.308212522417306952e-09 5.519812460988759992e-09
1.459788531064987231e-09 5.746607203036546742e-09
1.421968685463070841e-09 5.765784531831741457e-09
1.410642405971884758e-09 6.472661159932613378e-09
1.144928974099457338e-09 6.104782689362764328e-09
1.334630069322884088e-09 5.719124339520931621e-09
1.085440162569284418e-09 5.407142452895641645e-09
1.339512760750949457e-09 5.334010813385248194e-09
1.517799333669245175e-09 6.307920906692742889e-09
1.462732441723346730e-09 5.865493323653936023e-09
1.584137324243783881e-09 5.457573570311069732e-09
1.368722761981189276e-09 5.847907159477472165e-09
1.353262690827250435e-09 6.467064376920461452e-09
1.997053157538175521e-09 5.466733593493699751e-09
1.462333835661411216e-09 6.525939796119928024e-09
4.475628025829791993e-09 9.056101553142070644e-09
7.066489662975073155e-09 8.629308082163333708e-09
2.855560276657342897e-09 7.669489830732345203e-09
2.996832132339477349e-09 8.103827014565468132e-09
2.194379223510623036e-09 6.177803035825490975e-09
2.023772802203893697e-09 5.673305597156286612e-09
1.277507049962878158e-09 5.258190445601940400e-09
1.347260316833853644e-09 7.177076302468776635e-09
1.640575123019516441e-09 5.518002901226282297e-09
2.545300405472516931e-09 7.434786297380924275e-09
2.543010748922824852e-09 6.846006028354168160e-09
1.978856045752763712e-09 5.972090642899274415e-09
1.648502890020608890e-09 5.566317122429609638e-09
1.154728815890848701e-09 5.559097509831190466e-09
1.250204746611416311e-09 6.012347526848315911e-09
1.605781493708491427e-09 5.691301543265581484e-09
1.135579776018857853e-09 5.093219690024853035e-09
1.241311780177056765e-09 5.605722777545451890e-09
1.346557866781949960e-09 5.830979440361261669e-09
2.022135071456432175e-09 6.777680478990077588e-09
1.852631568908691318e-09 5.549484398216009137e-09
1.274337060749530790e-09 5.439874250441789579e-09
1.817063079215586278e-09 8.034383878111839108e-09
2.290001139044761761e-09 6.083054002374410815e-09
1.180893275886774067e-09 5.424546543508767956e-09
1.500025042332708750e-09 8.224091492593288251e-09
2.005033427849412123e-09 5.686721764504909540e-09
1.431843731552362370e-09 6.378686986863613243e-09
2.317577367648482521e-09 6.584285758435726550e-09
1.850948901847004935e-09 6.492283660918474479e-09
1.642359537072479724e-09 5.955367349088192053e-09
1.984738279134035063e-09 7.312684785574674359e-09
2.089132321998476835e-09 6.308972835540771284e-09
1.323737087659537832e-09 5.807246547192335088e-09
1.090303412638604556e-09 5.386276636272668800e-09
1.080782152712345213e-09 5.311027169227599857e-09
1.379065099172294091e-09 6.262070033699273705e-09
1.614415086805820496e-09 7.738371379673481178e-09
2.296044258400797884e-09 1.027308125048875852e-08
3.092999104410410076e-09 7.206204347312450417e-09
3.724917769432067912e-09 6.116567645221948954e-09
3.923788666725159098e-09 7.163029629737138578e-09
2.469667699187993916e-09 6.174840964376926418e-09
1.753166783601045580e-09 6.478466559201478553e-09
1.458699116483330700e-09 6.014178041368723314e-09
1.415883773006498900e-09 5.970996804535389083e-09
2.037629485130310110e-09 6.047693546861410118e-09
2.385029802098870221e-09 5.849141161888838107e-09
1.907049911096691936e-09 5.889259278774261525e-09
2.077781595289707195e-09 5.625966005027294530e-09
1.762915519066154910e-09 5.995213519781827790e-09
1.501695369370281614e-09 8.199954405426979131e-09
3.838735865429044115e-09 7.478206884115934226e-09
1.750360010191798147e-09 5.752207245677709864e-09
1.924307551234960379e-09 6.309134420007466908e-09
1.500529237091541266e-09 5.999837070703506162e-09
1.193497795611619893e-09 5.510268267244100742e-09
1.160389278084039659e-09 5.708802491426468108e-09
1.306491903960704854e-09 5.668225698173045733e-09
1.613350934349000529e-09 5.940179806202650212e-09
1.837133313529193488e-09 6.638583261519670670e-09
4.669727757573127886e-09 9.093071334064006015e-09
2.419254509732126994e-09 6.334457546472549600e-09
1.213042763993143964e-09 5.091346334666013949e-09
1.107239164412021716e-09 5.298897158354521182e-09
9.003803133964538283e-10 5.456539336591959023e-09
1.040386385284364313e-09 5.737985018640756653e-09
1.135951257310807725e-09 5.664533935487270110e-09
1.360661932267248549e-09 5.280986428260803544e-09
1.584885292686521952e-09 7.552074734121560306e-09
2.555481158196925915e-09 5.776030477136373539e-09
2.351804170757532265e-09 5.702925380319356617e-09
1.336622051894664756e-09 6.041915621608495391e-09
1.768858288414776250e-09 6.202869117259979434e-09
1.696013845503330184e-09 6.341972853988408745e-09
1.998622436076402750e-09 5.528171546757221242e-09
1.395881525240838611e-09 5.230921320617199214e-09
1.188191119581460914e-09 5.088790319859981422e-09
1.307479687966406430e-09 5.253910087049007412e-09
1.132580451667308846e-09 5.484632682055235137e-09
1.107353135012090189e-09 5.151249002665281050e-09
1.340148621238768132e-09 5.806831177324056428e-09
