1.271279811859130843e-05 3.404923677444458115e-06
1.392744183540344230e-06 7.336239814758300912e-07
5.113400220870972202e-07 4.766100943088531482e-07
3.748806416988372556e-07 3.962316215038299662e-07
3.126167953014373970e-07 3.448328375816345152e-07
2.660571336746215787e-07 3.016200065612792809e-07
2.269389927387237597e-07 2.581672370433807636e-07
1.880416274070739834e-07 2.157863825559615960e-07
1.561370491981506355e-07 1.884876787662506045e-07
1.262551099061965968e-07 1.508590281009673961e-07
1.041851714253425586e-07 1.289259791374206426e-07
9.090566635131836266e-08 1.137675270438194312e-07
8.176540583372116738e-08 1.054893732070922787e-07
7.497242093086242771e-08 9.451250731945038195e-08
6.720280647277831571e-08 8.465655148029327814e-08
6.231839209794998521e-08 8.182596415281295864e-08
5.532037094235420417e-08 7.225637882947921184e-08
5.157224088907242053e-08 6.568785756826401134e-08
4.866564646363258280e-08 6.187930703163147563e-08
4.525189846754074080e-08 5.887305364012718437e-08
4.182596504688263062e-08 5.704536661505699002e-08
4.144101589918136623e-08 5.129333958029746822e-08
3.732390329241752767e-08 4.700056463479996017e-08
3.311647474765777375e-08 4.333975911140441581e-08
3.155532479286193884e-08 4.246561974287033337e-08
2.854098752140998686e-08 3.859882429242134044e-08
2.688192389905452859e-08 3.866802901029586931e-08
2.595176734030246620e-08 3.581684455275535677e-08
2.292127162218093858e-08 3.208726271986961691e-08
1.994241774082183966e-08 3.279272466897964622e-08
1.787631399929523375e-08 3.304459899663925483e-08
1.987414434552192740e-08 2.723748050630092617e-08
1.602154225111007635e-08 2.598416991531848745e-08
1.600019633769989036e-08 2.604561671614646861e-08
1.429374236613512092e-08 2.302668057382106943e-08
1.205150876194238607e-08 2.220671437680721208e-08
1.224739197641611092e-08 2.211222052574157832e-08
1.168617606163024900e-08 2.304075658321380495e-08
1.162485685199499063e-08 2.098388411104679089e-08
1.127372868359088908e-08 1.853943243622779798e-08
9.971749968826770128e-09 1.828019507229328087e-08
8.701127953827381121e-09 1.674557849764823900e-08
1.049832068383693758e-08 1.748288981616497171e-08
1.049449201673269337e-08 1.707267202436923856e-08
1.045160181820392621e-08 1.477415673434734397e-08
8.617764338850975121e-09 1.521387975662946582e-08
7.988136261701584522e-09 1.895781978964805521e-08
8.067226037383079101e-09 1.542602945119142687e-08
7.721217814832925052e-09 1.398336701095104221e-08
8.547428995370865490e-09 1.892259158194065103e-08
7.911236025393008445e-09 1.583213359117508003e-08
7.744472008198499366e-09 1.660232618451118543e-08
7.117648143321275857e-09 1.402442436665296634e-08
7.563018240034580931e-09 1.386302616447210287e-08
7.921087555587291575e-09 1.598977856338024293e-08
6.725861225277185073e-09 1.257129944860935144e-08
6.458119023591280115e-09 1.125293690711259818e-08
6.081441417336464117e-09 1.657214015722274782e-08
6.744366139173507722e-09 1.355080772191286142e-08
6.503820419311523715e-09 1.423338986933231288e-08
5.189651157706975892e-09 1.270653866231441503e-08
5.109340418130159329e-09 1.238593459129333497e-08
4.984330851584672659e-09 1.115729846060275999e-08
7.022110745310783099e-09 1.159902848303317997e-08
6.144186947494744876e-09 1.106251683086156869e-08
4.892890341579914464e-09 1.113727036863565465e-08
6.060252897441386983e-09 1.164370123296976050e-08
5.440760403871536408e-09 1.223643589764833495e-08
4.620954394340515457e-09 1.093456801027059501e-08
4.644204396754503003e-09 1.038232259452342926e-08
4.829153418540954679e-09 8.641278371214866250e-09
4.568557254970073912e-09 1.027362700551748338e-08
4.029582254588603657e-09 9.088658727705478170e-09
5.301916971802711699e-09 1.081363949924707471e-08
6.608467549085616844e-09 1.033127401024103166e-08
4.668534267693758004e-09 1.093621086329221805e-08
4.558428656309843240e-09 1.041430234909057554e-08
5.504365544766187468e-09 9.071464650332927639e-09
4.377637989819050242e-09 1.251608598977327359e-08
5.404972471296787012e-09 1.027404423803090988e-08
6.769381929188966533e-09 1.070834882557392084e-08
4.848111420869826984e-09 1.300077140331268299e-08
6.033429410308599142e-09 1.030664145946502733e-08
3.819883568212390139e-09 1.089235860854387346e-08
4.354750271886587472e-09 1.112872269004583346e-08
4.266588017344474904e-09 9.520524181425571886e-09
4.024575930088758587e-09 8.864757604897022511e-09
4.253152757883071757e-09 1.403342466801404940e-08
4.694317001849412743e-09 9.936352260410785395e-09
3.684480441734194881e-09 8.465861901640891571e-09
3.837847150862216942e-09 8.879801258444785586e-09
3.487601177766918936e-09 7.929774001240730843e-09
4.569305572658777409e-09 8.964062668383120669e-09
4.542742855846881956e-09 9.108356200158595956e-09
4.601171705871820438e-09 1.218012627214193284e-08
3.974517807364463609e-09 1.006128545850515285e-08
3.626952413469553198e-09 9.144543670117855818e-09
3.843165934085845753e-09 1.145471911877393649e-08
4.274894483387470056e-09 9.667308069765567989e-09
4.070896189659834236e-09 9.659402072429656394e-09
3.899344708770513884e-09 9.432622231543064747e-09
3.957521170377731034e-09 1.637192815542221066e-08
6.341823376715183160e-09 1.266034785658121083e-08
4.566169809550047188e-09 8.745351806282997118e-09
3.569404594600200858e-09 8.284924551844597224e-09
3.426295006647706171e-09 7.640917785465717651e-09
3.849044442176818949e-09 7.952814921736717353e-09
3.608442842960357647e-09 8.065930567681789044e-09
4.037192557007074452e-09 9.578451514244079728e-09
3.508053021505475239e-09 8.429874666035174728e-09
3.609966952353715916e-09 9.027099236845970155e-09
3.963705152273177792e-09 8.567990735173224823e-09
4.250775557011365581e-09 8.826325647532939944e-09
4.432417917996644783e-09 7.288408000022173243e-09
3.538403194397687990e-09 1.274408400058746381e-08
4.906083922833204613e-09 7.761493325233459807e-09
4.712049849331378777e-09 9.332084096968173738e-09
5.165067501366138681e-09 9.073270484805107178e-09
7.997813634574412548e-09 1.189676765352487646e-08
5.781636107712984307e-09 8.547635748982429247e-09
3.865954233333468693e-09 7.722671143710612577e-09
3.379928879439830710e-09 7.058877032250165910e-09
3.377356799319386509e-09 9.599327109754086161e-09
4.582809749990701808e-09 8.913017809391022047e-09
5.955608095973730305e-09 9.792633354663849596e-09
4.139461088925599700e-09 6.817958317697047966e-09
2.855821745470166137e-09 9.167363867163658213e-09
3.200343344360589846e-09 7.983715273439884793e-09
3.138402476906776425e-09 7.786603178828955521e-09
3.661978524178266526e-09 8.021495305001736389e-09
4.369937814772129312e-09 7.568575907498597676e-09
3.322787582874298187e-09 8.229588158428669495e-09
4.104604013264179134e-09 7.922418415546417003e-09
3.395322011783718910e-09 7.727557327598332828e-09
3.605126170441508105e-09 8.755657821893691609e-09
3.061195602640509800e-09 6.330467760562896725e-09
3.501342143863439538e-09 9.040371514856815145e-09
2.977608703076839341e-09 7.737151347100734766e-09
3.881446318700909350e-09 7.245952729135751922e-09
3.297904971987008980e-09 7.338290102779865280e-09
2.924308413639664547e-09 6.447475869208574019e-09
2.783270552754402061e-09 7.313390262424946173e-09
2.946741878986358609e-09 6.540597882121800992e-09
2.705049002543091905e-09 7.162196096032857848e-09
2.848662436008453268e-09 6.873768754303455060e-09
3.095512744039297052e-09 6.219188682734966216e-09
3.286483697593212076e-09 6.306844763457775243e-09
2.491969382390380079e-09 6.004740949720144099e-09
3.440067870542407055e-09 7.209523580968379890e-09
3.807274159044027519e-09 6.644014734774827989e-09
2.934029791504144549e-09 6.695602089166641095e-09
3.275040304288268063e-09 8.002793416380881917e-09
4.561812151223421064e-09 1.210091356188058838e-08
4.785973578691482152e-09 7.508008740842341778e-09
3.064674790948629299e-09 6.770804990082979373e-09
3.016888396814465648e-09 6.173629779368638849e-09
2.738054608926177013e-09 6.877915002405643698e-09
3.052803222090005735e-09 1.043603476136922887e-08
4.178455565124750061e-09 7.110621314495801739e-09
3.694239072501659333e-09 8.570992387831210694e-09
3.089979523792863039e-09 8.073968812823296325e-09
4.218631424009800265e-09 7.427166216075420719e-09
4.198185168206692023e-09 9.857215918600558497e-09
3.626185469329357269e-09 6.743186153471469584e-09
3.275165567174553983e-09 7.717607077211141548e-09
2.787704113870859202e-09 8.865552023053168887e-09
3.293956862762570391e-09 7.365770172327756992e-09
2.353908494114875600e-09 6.654142867773770874e-09
2.920910948887467192e-09 6.818058434873819475e-09
2.917555859312414975e-09 7.080336567014455979e-09
2.671625232324004314e-09 6.059900391846894969e-09
4.165720194578171082e-09 6.679787766188383109e-09
4.011145792901516128e-09 7.297765929251909004e-09
3.806010587140917746e-09 6.615641992539167055e-09
3.312400309368968098e-09 1.104551274329423981e-08
4.042482469230890284e-09 7.929245010018348101e-09
3.052746877074241481e-09 7.835628464818000668e-09
3.091735299676656823e-09 7.616776507347821762e-09
4.661853425204753507e-09 7.090645376592874706e-09
5.400637164711952303e-09 8.917601779103279933e-09
3.178185317665338556e-09 6.593822501599788661e-09
3.438514657318591914e-09 7.145040202885866099e-09
3.115859813988208944e-09 5.570974200963973890e-09
2.960814861580729301e-09 9.048916399478912925e-09
3.300129435956477962e-09 8.760041557252406475e-09
2.895420417189598164e-09 6.252896040678024155e-09
3.048591548576950934e-09 1.051257550716400110e-08
4.315825179219246150e-09 7.641216274350881034e-09
3.081086091697216120e-09 6.131262984126805958e-09
2.300364198163151772e-09 8.173703216016291847e-09
3.310386557132005750e-09 8.659356273710727159e-09
5.081061273813247513e-09 1.083891559392213812e-08
3.956303466111421900e-09 7.050716783851385146e-09
3.685990348458290139e-09 9.796975180506706698e-09
3.320922609418630571e-09 6.235666107386350466e-09
2.329942770302295693e-09 6.660976447165012152e-09
2.822957932949065997e-09 8.274716325104236966e-09
2.426723949611187154e-09 6.945658940821886258e-09
2.524433191865682795e-09 5.595303140580654146e-09
2.564296126365661472e-09 8.116289041936396897e-09
2.194852335378527655e-09 6.168763153254985775e-09
3.454366931691765617e-09 7.808917667716741335e-09
7.030758075416088013e-09 8.751741610467434542e-09
3.740993794053793032e-09 9.283571504056453697e-09
3.498241538181900796e-09 7.199674844741820997e-09
2.687899861484766028e-09 6.629123352468013908e-09
2.638069447129964930e-09 6.202690768986940043e-09
2.676510252058505926e-09 6.379216909408569076e-09
2.977666445076465713e-09 5.404134746640920340e-09
2.032224787399172799e-09 5.410724785178899956e-09
2.296739025041460950e-09 6.124581675976514502e-09
2.568953437730670031e-09 5.515862256288528431e-09
2.618474652990698998e-09 7.508188486099243702e-09
2.394419396296143612e-09 5.833803210407495108e-09
3.753329860046506266e-09 6.406123749911785486e-09
3.124895039945840830e-09 6.297727581113576907e-09
2.679181285202502998e-09 5.676522385329008124e-09
2.684321720153093245e-09 7.060673087835311860e-09
2.701246179640292958e-09 5.929875653237104386e-09
2.241578185930847962e-09 7.104712538421153859e-09
2.983433194458484733e-09 6.733286660164594911e-09
2.947421744465827812e-09 7.223586086183786141e-09
3.079357091337442345e-09 6.348614115267991928e-09
2.862976165488362212e-09 6.950031034648418044e-09
2.839671680703759077e-09 7.062747608870267884e-09
2.820383524522185345e-09 5.898032337427138904e-09
2.387288259342312870e-09 6.770791020244359843e-09
3.256575437262654101e-09 7.124213967472314568e-09
2.774232067167758979e-09 6.232225336134433642e-09
3.407498355954885597e-09 6.103910505771637030e-09
2.498339163139462540e-09 6.103369873017072863e-09
1.885251142084598531e-09 5.851048510521650033e-09
2.528035314753651763e-09 5.551919341087341272e-09
2.357068238779902420e-09 9.557900950312614034e-09
2.575810300186276641e-09 6.999804172664880556e-09
2.355843549594283107e-09 5.591134075075387961e-09
2.107471460476517505e-09 5.719609092921018493e-09
1.937205088324844715e-09 5.408114288002252666e-09
2.127389423549175100e-09 5.570198409259319119e-09
1.770702656358480410e-09 5.177757237106561741e-09
1.872742315754294380e-09 5.637065041810274519e-09
1.858961535617709192e-09 6.502634380012750971e-09
2.340005245059728522e-09 6.039850879460572956e-09
2.321442821994423807e-09 5.980123300105333222e-09
2.033761236816644586e-09 5.515583325177431398e-09
2.862507943063974387e-09 6.562280468642711626e-09
3.380184061825275451e-09 6.269450765103101541e-09
4.321861080825329028e-09 6.526338402181863744e-09
3.904060693457722734e-09 7.172804325819015531e-09
3.263247199356555861e-09 5.371630657464265872e-09
2.835800638422370144e-09 6.717457436025142648e-09
3.902056254446506601e-09 6.256821099668740892e-09
2.498288638889789412e-09 6.381478626281023334e-09
2.203265437856316709e-09 6.112333387136459673e-09
2.486422425135970015e-09 8.020045235753060061e-09
3.221241524443030346e-09 7.323607802391052234e-09
4.781308118253946016e-09 5.795694887638092403e-09
3.888779552653431776e-09 6.205102894455194632e-09
2.676887437701225391e-09 5.676828324794769473e-09
1.759413746185600724e-09 6.573363672941923421e-09
3.375756787136197223e-09 5.781263578683138157e-09
2.021219115704298034e-09 6.097489502280950176e-09
3.225801512598991219e-09 7.811534218490123231e-09
2.714934293180703982e-09 6.630377378314733159e-09
2.537881955504417272e-09 5.361535120755434121e-09
2.193197142332792340e-09 5.552016664296388544e-09
2.177149988710880199e-09 4.932010080665350332e-09
3.429263131693005749e-09 7.510630879551172148e-09
2.698631957173347513e-09 5.598695017397403853e-09
3.496992634609341819e-09 5.872900132089853429e-09
3.144864225760102404e-09 5.907954182475804991e-09
1.806449028663337262e-09 5.648409482091665660e-09
3.412790596485137879e-09 6.278831511735916503e-09
3.660654416307806970e-09 6.428447552025317929e-09
1.834315946325659667e-09 5.341939162462949549e-09
1.631478662602603507e-09 4.883047193288803218e-09
2.376608783379197070e-09 5.664275027811527214e-09
2.198039554059505336e-09 6.138387601822614307e-09
1.550885848701000248e-09 4.981548059731722238e-09
2.002634573727846212e-09 5.616501439362764040e-09
1.983243273571133667e-09 5.244988482445478367e-09
2.277547959238290598e-09 6.850533187389374005e-09
2.409017179161310277e-09 4.993351642042398468e-09
2.270114840939640970e-09 5.565785802900791273e-09
2.426414983347058502e-09 5.174178630113601585e-09
1.951814745552837939e-09 4.997889511287212648e-09
1.597562455572187806e-09 4.755221772938966379e-09
1.470553688704967430e-09 5.452336277812719172e-09
1.958420500159263804e-09 5.912757478654384460e-09
2.030218020081520216e-09 5.143695045262575337e-09
2.002636669203639183e-09 5.360462237149476844e-09
1.604235148988664105e-09 5.669687874615192101e-09
1.859497861005365884e-09 5.099921021610498627e-09
1.290442072786390836e-09 4.678441677242517601e-09
1.388432690873742114e-09 4.750377964228391678e-09
2.748955506831407367e-09 6.050572730600833893e-09
2.220369409769773626e-09 5.565323866903781947e-09
1.648244680836796846e-09 5.001294426620006313e-09
1.670533907599747130e-09 5.285405088216065996e-09
2.761206356808543367e-09 4.970049019902944825e-09
1.776277669705450448e-09 6.907818373292684466e-09
3.731523174792527936e-09 8.206409402191638825e-09
2.800511661916971043e-09 6.092077586799860034e-09
1.758992671966552677e-09 4.656908567994833379e-09
1.707486924715340181e-09 4.932154901325703015e-09
1.648839679546654242e-09 5.134259350597858654e-09
1.418238040059804963e-09 4.486184567213058324e-09
1.719580730423331305e-09 5.139932967722415929e-09
2.674250863492488946e-09 5.902568344026803592e-09
2.599986270070075809e-09 6.415596697479486205e-09
4.164237063378095832e-09 6.500212009996175834e-09
2.501125447452068463e-09 6.053953431546688307e-09
2.510986989364027835e-09 4.824397619813680621e-09
1.929737045429647088e-09 4.430517554283142208e-09
1.644345815293490798e-09 5.176882725208997992e-09
1.152225770056247699e-09 4.978420678526163074e-09
1.597322989255189933e-09 4.739127587527036613e-09
1.755937933921813954e-09 4.926827736198902320e-09
1.840553013607859690e-09 4.410002846270799673e-09
1.667163800448179310e-09 5.230453796684742242e-09
2.791349310427904160e-09 4.583484027534723365e-09
1.500830752775072987e-09 4.656691569834947419e-09
1.749678398482501605e-09 5.136828403919935138e-09
2.568508964031934912e-09 4.969351924955844894e-09
2.694909460842609419e-09 6.113569717854261238e-09
1.964816357940435420e-09 4.809703212231397536e-09
1.849361695349216541e-09 5.305587314069271481e-09
1.799612189643084995e-09 5.893683526664972450e-09
1.922051422297954595e-09 5.306345410645007739e-09
1.470853225328028126e-09 5.622831173241138228e-09
1.905368291772902039e-09 5.624474491924047397e-09
2.410104963928461003e-09 4.618639592081308141e-09
1.566225779242813650e-09 4.762572702020406490e-09
1.746275578625500290e-09 4.353645257651806019e-09
1.617497648112475920e-09 4.894831683486700057e-09
2.490106271579861541e-09 6.397019140422344148e-09
1.581347547471523281e-09 4.573478829115629535e-09
2.005541231483220848e-09 5.836131982505321128e-09
3.510023932904005078e-09 8.620004169642924924e-09
3.301761113107204464e-09 5.119404755532741650e-09
1.784491701982915329e-09 4.685462918132543245e-09
2.125745173543691599e-09 7.742818910628556609e-09
3.144165035337209503e-09 6.658722646534442818e-09
2.123052021488547419e-09 5.194303113967180284e-09
2.363585401326417908e-09 6.360598374158144000e-09
1.466398593038320570e-09 4.393116571009159155e-09
1.288076513446867533e-09 4.779215902090072306e-09
2.185580786317586940e-09 5.129579454660416028e-09
1.942756352946162254e-09 4.544005263596773091e-09
1.357862609438598254e-09 4.579902626574039799e-09
1.248276210390031403e-09 4.814659710973501572e-09
1.552913803607225400e-09 4.894774407148361057e-09
1.876038033515215040e-09 5.226190667599439981e-09
1.896738540381193278e-09 4.420670215040445020e-09
1.433461206033825862e-09 4.735656548291445105e-09
1.812042784877121471e-09 5.230192095041275108e-09
1.620763447135686909e-09 4.925608169287442868e-09
1.596777467057108972e-09 4.366509150713682528e-09
1.928252633661031666e-09 4.693473223596811465e-09
1.999646192416548605e-09 5.480483174324035303e-09
1.686572446487843907e-09 5.407209042459726446e-09
1.824507839046418573e-09 4.597011022269726137e-09
1.800620462745428081e-09 8.049006573855876704e-09
3.401033580303192315e-09 5.012831185013055549e-09
2.556119579821825141e-09 6.486496422439813950e-09
1.719778752885758787e-09 5.124422721564769800e-09
3.845601342618465675e-09 5.378499627113342521e-09
3.204506589099764904e-09 6.654527038335800105e-09
2.724634949117898995e-09 4.719391465187073086e-09
2.704085316509008460e-09 4.679006058722734060e-09
1.713523874059319545e-09 4.471863154321909176e-09
1.865329919382929740e-09 5.846028681844473218e-09
2.444074023514986075e-09 5.514728836715221785e-09
1.617334317415952751e-09 4.219685215502977324e-09
1.588123384863138186e-09 5.320374853909015897e-09
2.564529189839959105e-09 4.522457718849182379e-09
2.784309675917029564e-09 5.880937911570072096e-09
1.542127225548028945e-09 4.366117063909769200e-09
1.234358293004333942e-09 4.213946405798196952e-09
1.612490508705377637e-09 4.694453440606594370e-09
1.675115781836211631e-09 5.482165608555078826e-09
2.128505613654851846e-09 4.731271415948867707e-09
2.034708624705672464e-09 7.478511426597833869e-09
3.690920071676373340e-09 5.501322448253631618e-09
1.969177043065428847e-09 4.120976664125918973e-09
1.284773927181959054e-09 4.985220264643430684e-09
1.829111832194030182e-09 4.190246108919382333e-09
2.166284015402197844e-09 5.659922026097774818e-09
1.750156632624566498e-09 4.573268350213765968e-09
1.193911302834749269e-09 4.266792442649603038e-09
9.512919350527225964e-10 4.228028934448957340e-09
1.272583031095564344e-09 4.174930509179830749e-09
1.293970737606286977e-09 4.206178244203328688e-09
9.629214764572679439e-10 4.153392743319272798e-09
1.278982963413000163e-09 4.230861552059650449e-09
1.625983510166406535e-09 5.128759890794754001e-09
1.666065771132707622e-09 4.797915928065776460e-09
1.761218067258596404e-09 4.607965238392353442e-09
1.684399205259978699e-09 4.101675003767013497e-09
1.867024111561477050e-09 4.045476205646992058e-09
1.576214563101530172e-09 4.032141994684934340e-09
1.677117659710347626e-09 3.860920900478959308e-09
1.310036983340978716e-09 4.462318029254675181e-09
1.407987787388265200e-09 4.091582261025905984e-09
1.270061125978827431e-09 4.825180862098932531e-09
1.443586195819079912e-09 4.288248717784881911e-09
1.258023548871278821e-09 4.159805364906787768e-09
1.156412181444466143e-09 3.870904445648193403e-09
9.765876457095145730e-10 4.090568516403436371e-09
1.523950253613293218e-09 5.407713819295168282e-09
2.383016748353838725e-09 5.226742941886186401e-09
2.013544086366891929e-09 4.932665731757879457e-09
1.224944018758833307e-09 3.791315481066703808e-09
1.152672222815454050e-09 4.106548614799976750e-09
1.555789262056350605e-09 4.981234669685363752e-09
1.844329526647925380e-09 5.354800261557101821e-09
2.205144846811890402e-09 5.202631466090679064e-09
3.093779319897293855e-09 5.529804620891809863e-09
1.942466478794812994e-09 4.660819191485643626e-09
1.410942524671554567e-09 4.338138736784458045e-09
1.231074333190917894e-09 4.619329702109098720e-09
1.079069566912949158e-09 3.804242936894297816e-09
1.236740383319556705e-09 4.023436456918716508e-09
1.618079724721610478e-09 4.593292716890573158e-09
1.334259402938187222e-09 4.311170428991317520e-09
1.426009926944971175e-09 5.071629304438829812e-09
2.987482585012912644e-09 5.081557668745517465e-09
1.815794268622994491e-09 4.923878703266382547e-09
1.741785439662635415e-09 4.629682283848523876e-09
1.433872734196484007e-09 4.524042364209890016e-09
1.208780566230416242e-09 4.491197876632213573e-09
2.264239825308322863e-09 6.442253477871417735e-09
2.465073252096772003e-09 4.224671050906181299e-09
1.651809317991137471e-09 5.957758519798516933e-09
1.320361741818487584e-09 4.366244189441204198e-09
2.231434453278779948e-09 5.289218854159116756e-09
1.954361796379089263e-09 5.524870008230209455e-09
1.619531540200114351e-09 4.815875552594662042e-09
2.268866403028368952e-09 6.439690943807363643e-09
1.900361385196447236e-09 5.448247306048870361e-09
2.089907415211200755e-09 4.050263669341802504e-09
1.132005010731518213e-09 4.611675627529621497e-09
1.623710384592413917e-09 4.867596086114644752e-09
1.707867486402392376e-09 4.036343190819024700e-09
1.584683312103152215e-09 4.508766345679759745e-09
1.566728926263749681e-09 4.026042297482490897e-09
1.188287045806646275e-09 4.226048942655325178e-09
2.834533341228961801e-09 4.988781642168760114e-09
2.497979206964373388e-09 4.589816089719534003e-09
1.594478497281670470e-09 5.776580423116684335e-09
1.746443915180861993e-09 4.336790647357701890e-09
1.171853858977556240e-09 3.891538595780729905e-09
1.286174054257571781e-09 4.044797737151384559e-09
1.931853708811104356e-09 4.456281196326017557e-09
1.829438493587076726e-09 4.613892175257205968e-09
1.843516249209642473e-09 4.006178118288516799e-09
1.276229741051793160e-09 3.944301512092352142e-09
2.307714428752660617e-09 4.896759521216153906e-09
1.749473856762051524e-09 5.340602714568376475e-09
2.284441841766238178e-09 4.564951173961162482e-09
1.416702405549585768e-09 5.083750933408737430e-09
1.853013643994927371e-09 5.148465279489755884e-09
1.597750466316938425e-09 4.615971352905034893e-09
1.323373755440115950e-09 4.050267394632100660e-09
1.454067998565733450e-09 4.028616938740015028e-09
8.752968278713524465e-10 3.662563860416412280e-09
1.031770138069987296e-09 4.342274274677038349e-09
1.203264459036290595e-09 4.184870515018701482e-09
1.358220470137894229e-09 4.159220959991216346e-09
1.025950885377824331e-09 3.723673988133668795e-09
1.022719778120517655e-09 4.267205484211445247e-09
8.901649853214621680e-10 4.453585017472505247e-09
1.384485978633165436e-09 5.056470166891813165e-09
1.472715986892581031e-09 5.062084645032882776e-09
1.454401877708733032e-09 3.710223594680428307e-09
1.444250461645424400e-09 5.139609333127736895e-09
1.966039882972836507e-09 4.751191008836031313e-09
1.212390488944947775e-09 4.004663787782192119e-09
1.088361488655209643e-09 4.337161313742399376e-09
1.248331158421933745e-09 3.830347442999482098e-09
1.193937496282160371e-09 4.213756881654262267e-09
1.616958179511129771e-09 3.755668643862008940e-09
1.865804544650018011e-09 4.994779359549284210e-09
2.827034797519445596e-09 5.994850303977728269e-09
2.369322814047336575e-09 4.101189319044351880e-09
1.002734294161200513e-09 3.789658192545175936e-09
1.116580097004771263e-09 5.364643875509500854e-09
2.407358493655919872e-09 4.798889160156250014e-09
1.461902400478720675e-09 4.294975195080041500e-09
8.524948498234152562e-10 3.777659730985760440e-09
2.362179802730679687e-09 7.741246372461318184e-09
2.269975142553448560e-09 5.121305584907532010e-09
1.533156610094010837e-09 4.182868637144565693e-09
1.298422343097627231e-09 4.087684676051139695e-09
1.103496761061251225e-09 4.715912975370883612e-09
1.037092180922627510e-09 3.723553847521543563e-09
1.253046444617211743e-09 3.586701583117246722e-09
1.531253801658749659e-09 4.632164258509874463e-09
1.325099496170878323e-09 3.645541379228234442e-09
1.076023909263312758e-09 4.411637317389249999e-09
1.357932807877659886e-09 4.478145390748977952e-09
1.365847885608673183e-09 4.130330868065357406e-09
1.185634755529463375e-09 3.775951219722629001e-09
1.622681156732141949e-09 5.092374980449676184e-09
1.351350685581564987e-09 5.468247924000024431e-09
2.401746343821287125e-09 4.707117564976215646e-09
1.183276646770537003e-09 4.040376748889684830e-09
1.647190772928297427e-09 5.025220569223165734e-09
1.599286799319088473e-09 4.722909070551395260e-09
1.429560128599405311e-09 4.076856654137372642e-09
1.625922624953091120e-09 4.581281449645757598e-09
1.651753205806016904e-09 3.616807283833623065e-09
1.581699005328118810e-09 5.826076027005910691e-09
1.627920893952250493e-09 3.884304547682404243e-09
2.085327170789241852e-09 5.290949251502752650e-09
3.627517027780413550e-09 6.392177194356918112e-09
2.670238027349114218e-09 4.507027566432952795e-09
1.876746537163853744e-09 3.978632856160401990e-09
1.771314302459359214e-09 4.033259116113185832e-09
1.443014713004231534e-09 3.948695491999387556e-09
1.556938630528748013e-09 3.883940866217016936e-09
1.069557853043079304e-09 3.565607359632849558e-09
1.377552864141762175e-09 4.836884792894125038e-09
2.449420746415853534e-09 4.450784064829349354e-09
1.777096651494502949e-09 3.538275137543678246e-09
9.628905099816619935e-10 3.556167241185903453e-09
1.265803002752363704e-09 5.625498015433549771e-09
3.961506299674511007e-09 9.476935490965843092e-09
3.301510587334633038e-09 4.591641481965779892e-09
2.065598964691162008e-09 4.471483174711465887e-09
1.421790220774710123e-09 4.780585411936044302e-09
1.569842803291976481e-09 4.040121100842953129e-09
9.164896328002214529e-10 3.643386065959930606e-09
9.539535385556519195e-10 3.633188549429178268e-09
1.561952871270477801e-09 4.694393835961818920e-09
1.509242807514965555e-09 4.316452424973249255e-09
1.390840508975088608e-09 3.571950364857912010e-09
1.019662944599986168e-09 4.119444638490676608e-09
1.111681340262293807e-09 3.651439910754561361e-09
1.535021350719034767e-09 5.270321853458881606e-09
1.617631292901933103e-09 3.719416912645101554e-09
1.368372119031846547e-09 4.717170726507901846e-09
3.260514233261346888e-09 5.782062653452158261e-09
1.793818781152367499e-09 4.275227896869182679e-09
9.886458283290266385e-10 3.640018869191408349e-09
8.521617273800074997e-10 3.767091315239667963e-09
1.000496093183755894e-09 3.693899605423212104e-09
7.661824929527938320e-10 3.568258602172136387e-09
8.699130266904830447e-10 3.576183458790183066e-09
9.288166183978319503e-10 3.480263054370880130e-09
1.066007651388645168e-09 4.715119954198598941e-09
1.385346753522753755e-09 3.749828319996595353e-09
7.695364765822886942e-10 3.751413663849234670e-09
1.089936471544206052e-09 3.838678821921348181e-09
8.368350681848823618e-10 3.598341019824147398e-09
1.271656714379787502e-09 3.945416305214166356e-09
1.082953182049095710e-09 4.226696677505970207e-09
1.695549348369240721e-09 4.162473138421774058e-09
1.588697778061032334e-09 4.996530711650848159e-09
2.260110341012477993e-09 4.562132991850375862e-09
1.864211750216781970e-09 3.886774182319640898e-09
1.446811715140938734e-09 4.086647182703017789e-09
1.363681396469473847e-09 3.592947032302618008e-09
8.664599736221134686e-10 3.844977822154760725e-09
9.041524026542902009e-10 3.799019381403922893e-09
8.387622074224054617e-10 3.574053291231393640e-09
1.041561365127563503e-09 4.665828309953212933e-09
1.022956916131079284e-09 3.605804638937115604e-09
1.542118028737604676e-09 8.125719614326954547e-09
1.893597189337014997e-09 4.141872748732566502e-09
1.008586841635406086e-09 4.285286180675029566e-09
1.231672940775752120e-09 4.111312795430421864e-09
1.387437456287443606e-09 3.543270286172628437e-09
1.049485872499644756e-09 3.257386619225144244e-09
9.603045182302594420e-10 3.737969556823372681e-09
9.482597815804183541e-10 3.919493872672319620e-09
1.308853621594607848e-09 4.053618758916855136e-09
1.398765598423778974e-09 4.584966693073510828e-09
1.808936591260135082e-09 4.092134069651365444e-09
1.051957136951387009e-09 4.043808206915855024e-09
7.669532205909490961e-10 4.194907844066619487e-09
1.299839816056192011e-09 3.639267990365624509e-09
9.308622102253139181e-10 3.821682883426547285e-09
1.318024354986846408e-09 3.505319356918335000e-09
1.945858937688172021e-09 4.991385620087385011e-09
2.430925611406564887e-09 4.063886590301990844e-09
1.307689701206982211e-09 3.728030249476432800e-09
1.007668324746191602e-09 3.765878966078162583e-09
8.908914751373231139e-10 3.592269495129585254e-09
1.343053765594959324e-09 3.385031130164861762e-09
1.225579064339399390e-09 4.639816936105489981e-09
1.902185264043509886e-09 5.101609509438275929e-09
1.426985370926559026e-09 3.385490039363503371e-09
8.699720492586493823e-10 4.907782655209303291e-09
1.031700754538178464e-09 3.800646634772419974e-09
9.224923560395836699e-10 3.771200543269514804e-09
1.601444324478507020e-09 4.220474977046251626e-09
1.110565965063869860e-09 3.764096414670348377e-09
9.508437942713498813e-10 4.755386151373386239e-09
9.742073016241193540e-10 3.613685723394155441e-09
1.014680834487080556e-09 3.943493124097585408e-09
8.561776485294104001e-10 4.283451940864324835e-09
9.820297127589582799e-10 3.651430597528815145e-09
7.723711896687745678e-10 3.759338986128568722e-09
8.472627960145473301e-10 3.860549302771687903e-09
8.523208089172840634e-10 3.516126424074173171e-09
8.514808141626418105e-10 4.439777694642543737e-09
1.531547168269753388e-09 4.096545744687318544e-09
1.325546065345406620e-09 3.783067921176552426e-09
8.638229337520897534e-10 4.590965807437896630e-09
1.074162777513265658e-09 4.177726339548825955e-09
1.468093367293476991e-09 4.623178392648697066e-09
1.638570567592978568e-09 5.063443910330534225e-09
1.703017042018473129e-09 3.563225734978914374e-09
1.270627952180802907e-09 3.919594455510378089e-09
1.270320615731179647e-09 4.783702082931995132e-09
1.927704317495226881e-09 5.409838166087866168e-09
1.570282271131873066e-09 3.761829109862446472e-09
2.289702184498310178e-09 5.677072796970605880e-09
2.521637361496686762e-09 5.484803579747676563e-09
1.278375857509672727e-09 3.593194764107465611e-09
8.517138776369392375e-10 4.608593415468931293e-09
1.363131683319807151e-09 3.904415993019938158e-09
1.008498249575495710e-09 3.850814420729875330e-09
8.456524228677153426e-10 4.879119340330362244e-09
3.593764966353774023e-09 4.203130956739186897e-09
1.140738255344331212e-09 4.265493713319301785e-09
1.689983648248016899e-09 5.546975880861282021e-09
4.410797730088233835e-09 7.487815339118242654e-09
2.760505769401788760e-09 9.384168311953544583e-09
2.984823891893029091e-09 4.267530981451272946e-09
1.234190305694937665e-09 3.584351856261491820e-09
9.446404874324798392e-10 3.797534387558698979e-09
7.767357747070491732e-10 3.894289489835500870e-09
8.545969612896441911e-10 3.811698406934738445e-09
9.876745752990245226e-10 3.806782886385917428e-09
9.562378982082010111e-10 3.852948313578962911e-09
8.207398932427167740e-10 3.706710645928979034e-09
1.113059930503368332e-09 4.250822123140097074e-09
1.256911549717187810e-09 5.063443444669246438e-09
3.371816594153642730e-09 4.864466842263936923e-09
1.873493310995399754e-09 4.055165685713290950e-09
8.698786259628831850e-10 3.863985417410730999e-09
8.524837903678417025e-10 3.608092200011015125e-09
1.206028508022427465e-09 5.047539714723825276e-09
1.601492287591099803e-09 4.086183849722146759e-09
9.657631744630633760e-10 4.199537914246321079e-09
1.248201820999383830e-09 3.662949195131659322e-09
1.006378093734383559e-09 3.987365402281284137e-09
1.031916239298880152e-09 4.069938324391841917e-09
8.675309945829212543e-10 4.164546262472868377e-09
7.811945397406816983e-10 4.235308617353438921e-09
1.175111276097595758e-09 4.672299139201640821e-09
1.261025085113942539e-09 4.109655506908893992e-09
9.350762702524662464e-10 3.448154777288436732e-09
8.241545292548835719e-10 4.212256055325269331e-09
9.417723049409688515e-10 3.940692171454429515e-09
1.124333473853766990e-09 4.373459611088037428e-09
1.839167438447475399e-09 5.487259011715650621e-09
1.652871374972164674e-09 4.041745793074369039e-09
8.595449617132545000e-10 4.722613841295242245e-09
1.028082682751119148e-09 3.799375379458069996e-09
7.336539565585553924e-10 3.783345222473144689e-09
7.434988510794937698e-10 3.672819817438721843e-09
7.796415593475103470e-10 3.605861449614167230e-09
7.915532332845032607e-10 3.652507904917001844e-09
8.950842311605811338e-10 4.506684374064207411e-09
1.197051373310387171e-09 4.385665990412235320e-09
1.041524927131831646e-09 4.202730022370815554e-09
9.686145349405706570e-10 3.827934851869940550e-09
1.229313202202320150e-09 4.684939980506896765e-09
1.006147358566522583e-09 3.706306684762239561e-09
8.422191604040563200e-10 4.166353493928909620e-09
1.409666496329009534e-09 5.167788360267877201e-09
1.073430525138974249e-09 3.686303738504648212e-09
9.976355358958243441e-10 3.806699067354201899e-09
8.844078402034938167e-10 3.843117272481322531e-09
1.111053396016359229e-09 4.682505968958139375e-09
1.420486602000892076e-09 3.682108130306005499e-09
1.416585757397115211e-09 4.195100162178277582e-09
1.143849338404834189e-09 3.412319580093026231e-09
7.676748791709542209e-10 3.587827319279313163e-09
1.082234666682779731e-09 3.858539042994380230e-09
7.747618365101516182e-10 4.484583623707294706e-09
1.280538854189217180e-09 3.839150071144104136e-09
1.638271496631205038e-09 4.546875599771738023e-09
1.648427220061421352e-09 4.314016085118055415e-09
8.954205550253391133e-10 4.286488983780145251e-09
1.199298654682934320e-09 4.162341821938753118e-09
7.668376783840357914e-10 3.551873145624995242e-09
5.952680949121713539e-10 3.706554416567087164e-09
7.349418592639267774e-10 5.406397394835949344e-09
1.166367321275174632e-09 3.658553585410117897e-09
1.362228300422430008e-09 4.514256957918405556e-09
1.551000052131712407e-09 3.892206354066729897e-09
1.659167697653174307e-09 5.664455238729715269e-09
1.840724493376910642e-09 4.003049340099095930e-09
1.185198081657290406e-09 3.970927558839321200e-09
9.747057920321822769e-10 3.834678092971443907e-09
9.154448634944856398e-10 4.148508887737989825e-09
1.678072265349328542e-09 5.686582066118717544e-09
1.564090140163898525e-09 3.305947873741388335e-09
1.066364347934722917e-09 4.326357040554285443e-09
1.521328929811716061e-09 4.578845109790563758e-09
1.114316517487168341e-09 3.865769132971763843e-09
8.431443711742759098e-10 4.572280216962098965e-09
1.086418400518596092e-09 4.182504490017890599e-09
1.448812079615891078e-09 3.905330318957567114e-09
1.248877379111945559e-09 3.738721832633018226e-09
1.010197447612881760e-09 3.972250502556562531e-09
6.684085237793624670e-10 4.063685424625873907e-09
7.956863264553248572e-10 4.228609614074230606e-09
8.963341824710369067e-10 3.517125267535448095e-09
7.543665124103426962e-10 3.530643647536635504e-09
9.427908225916326921e-10 3.856430994346737499e-09
1.032916130498051561e-09 4.157783929258584802e-09
1.087893266230821611e-09 3.999886102974414434e-09
1.107807154767215211e-09 4.173166584223508975e-09
9.127389057539403620e-10 3.633292391896247933e-09
8.887664298526942725e-10 3.726445836946368229e-09
9.078088914975523988e-10 3.370327642187476354e-09
9.002981241792440012e-10 3.954813349992036471e-09
1.301466487348079772e-09 4.107184242457151739e-09
1.155497040599584595e-09 3.553736489266157260e-09
8.823072421364486367e-10 3.786446526646614284e-09
1.172421732917427995e-09 3.863764461129903818e-09
1.237926539033651396e-09 3.951747436076403076e-09
1.028965809382498260e-09 3.897302085533738142e-09
1.170027069747448026e-09 5.058742128312587971e-09
1.729307346977293528e-09 3.403516719117760713e-09
8.793978486210107372e-10 3.734408412128687145e-09
1.135678379796445298e-09 4.742114339023828208e-09
2.405004110187292070e-09 4.398019518703222346e-09
1.439792336896061961e-09 3.936626948416232996e-09
1.115720369853079223e-09 3.710802411660552082e-09
6.882431916892528789e-10 3.531210357323288827e-09
8.685615030117332908e-10 3.886249614879488819e-09
9.729369776323437083e-10 3.905869787558913469e-09
1.466909190639853532e-09 4.457317758351564716e-09
1.665081130340695295e-09 4.921044223010539947e-09
1.221309299580752790e-09 4.304518923163413790e-09
9.388293256051838913e-10 4.206634592264890367e-09
1.374134910292923518e-09 4.616224206984043183e-09
1.665182993747293936e-09 4.032995086163282247e-09
7.873704307712614391e-10 3.681654809042811537e-09
7.235404918901622694e-10 4.288213793188333498e-09
1.385646406561136191e-09 6.527380086481571591e-09
1.583680859766900462e-09 4.584569949656724600e-09
9.041950688697397909e-10 3.942309878766536901e-09
1.291470834985375431e-09 4.844562616199255380e-09
1.137392478995025210e-09 4.240571986883879051e-09
2.325732493773102597e-09 5.189433693885802973e-09
1.295441878028213928e-09 3.453129203990101933e-09
1.236431649886071740e-09 4.688899964094161914e-09
1.214041840285062781e-09 4.396530799567699450e-09
1.533758244477212366e-09 5.661063827574253348e-09
1.387015683576464707e-09 3.943884279578923990e-09
1.180917955935001312e-09 3.487956942990422147e-09
9.169933036901057264e-10 3.736700164154172194e-09
9.384175646118820602e-10 3.560008946806192448e-09
8.843855466693639962e-10 4.387701861560344776e-09
1.221121754497289750e-09 4.609095863997935851e-09
1.111711142584681532e-09 3.801482263952493262e-09
7.394850836135447103e-10 3.677805187180638445e-09
7.196630467660724769e-10 3.846021369099617236e-09
7.568052387796342702e-10 3.719209926202893076e-09
8.176788687705993454e-10 4.347942303866147978e-09
1.175283920019864936e-09 3.882515011355280686e-09
8.539304835721849916e-10 3.918829374015331652e-09
8.325027883984148520e-10 4.310623742640018748e-09
9.223718079738319344e-10 4.077209625393152442e-09
9.430819773115217110e-10 3.933487460017204620e-09
7.333817193284630511e-10 3.415230661630630288e-09
5.533728981390595334e-10 3.467871574684977388e-09
9.023341699503361701e-10 3.848895197734236431e-09
1.385766663588583370e-09 4.119527991861105177e-09
1.123278634622693032e-09 4.738410469144582546e-09
1.039049122482538232e-09 3.475555917248129709e-09
8.547463803552091128e-10 3.898048773407936041e-09
9.202186483889818359e-10 4.171241074800491576e-09
7.396814762614666969e-10 3.693422069773078063e-09
9.763826383277773264e-10 3.858278738334774802e-09
1.562774064950645012e-09 4.239520989358425402e-09
1.287500839680433214e-09 3.749240655452012734e-09
7.648236933164298599e-10 3.505591070279479202e-09
7.852038252167403631e-10 4.016655497252941329e-09
7.074722670949995066e-10 3.628987353295087908e-09
8.265508804470301122e-10 4.218803253024816437e-09
1.133316545747220564e-09 3.852704074233770397e-09
1.193924574181437533e-09 4.592324607074261119e-09
9.904665639624000397e-10 3.819769481196999926e-09
1.256566029042005561e-09 3.718577092513441911e-09
9.387292666360735617e-10 3.886101767420768832e-09
8.402395178563892749e-10 3.566846484318375774e-09
1.099598128348588864e-09 3.608161816373467643e-09
1.207508612424135205e-09 3.941225353628397371e-09
9.384194854646921112e-10 3.594896290451288112e-09
8.209279039874672905e-10 3.917800728231668590e-09
7.618193048983812417e-10 3.608534811064600753e-09
8.056962979026138446e-10 3.716456238180399115e-09
1.040957286022603577e-09 4.415249917656182994e-09
1.426586532033979826e-09 3.568863496184348905e-09
9.297413635067641674e-10 4.641366656869650033e-09
1.505707157775759649e-09 4.410434048622846528e-09
1.290118088945746376e-09 4.142885562032461370e-09
9.358344250358640985e-10 3.684347495436668343e-09
8.104798034764826561e-10 4.021670203655958283e-09
1.163613284006714830e-09 3.545931074768304961e-09
8.029320160858332885e-10 4.422627389430999635e-09
1.352706807665526772e-09 3.964048344641924003e-09
1.349580707028508193e-09 4.357187077403068271e-09
1.042240532115101855e-09 3.683609422296285808e-09
1.098662731237709493e-09 4.261255729943513521e-09
1.348464051261544281e-09 3.972089849412441653e-09
9.760177927091717937e-10 3.349127015098929595e-09
5.928197642788291111e-10 3.788602072745561599e-09
6.625846144743263939e-10 3.790051210671663182e-09
5.560546997003257061e-10 3.604554804041981881e-09
1.306400401517748914e-09 6.882797461003064967e-09
1.586424070410430396e-09 4.266808275133371232e-09
9.688248392194508906e-10 3.784645581617951539e-09
1.172951888293027927e-09 4.545381758362054439e-09
1.224606530740857102e-09 4.770488478243350847e-09
8.840318187139927837e-10 3.938362002372741791e-09
2.718267962336540358e-09 4.890736192464828853e-09
2.301330910995602520e-09 4.911242518573999505e-09
1.376282772980630423e-09 4.069960210472345545e-09
8.002354297786950964e-10 4.296039696782827720e-09
7.748112548142671837e-10 3.678119275718927370e-09
6.869991193525493091e-10 3.700774628669023359e-09
8.545012678951025166e-10 3.709881799295544627e-09
7.294878596439957445e-10 3.354440676048398132e-09
7.362983305938541956e-10 3.715850412845611437e-09
1.050928141921758727e-09 3.694029059261083552e-09
6.969490787014365502e-10 3.551241708919405781e-09
6.249821744859218462e-10 3.707881551235914436e-09
8.045341819524765189e-10 3.402848495170474176e-09
9.875183459371328590e-10 4.507058300077915266e-09
9.149438119493424765e-10 3.935134503990411944e-09
6.957101868465542277e-10 3.664372256025672163e-09
8.297906606458127114e-10 3.708236385136842901e-09
7.816015859134495516e-10 3.498309524729847716e-09
9.259196231141686463e-10 3.891574917361140022e-09
1.056323642842471562e-09 3.560862271115183835e-09
6.401868304237723636e-10 3.539656987413764175e-09
5.697425222024321732e-10 3.680669004097580985e-09
7.484294474124908457e-10 3.892013803124427909e-09
6.169097032397985564e-10 3.647333011031150971e-09
9.021344012580812475e-10 3.969390876591205934e-09
8.124650921672582178e-10 3.699358785524964177e-09
7.047692779451608687e-10 3.613798646256327429e-09
1.476376783102750704e-09 5.166570190340280281e-09
2.491498133167624538e-09 6.023262161761521902e-09
2.834248356521129748e-09 4.293427802622317898e-09
1.360340160317719006e-09 4.924611654132604809e-09
9.983025956898928631e-10 3.525131149217486479e-09
7.325344486162066834e-10 3.836010117083787974e-09
1.030842424370348543e-09 4.424153361469507395e-09
9.111723047681153200e-10 4.383515100926160905e-09
8.768703555688261771e-10 3.808835754171013717e-09
1.427907496690750133e-09 3.524435451254248667e-09
1.243897248059511178e-09 3.767301561310887637e-09
7.960210205055773419e-10 3.457359271124005272e-09
6.809686310589313647e-10 3.736649174243211694e-09
1.654823776334524234e-09 4.262158181518316331e-09
1.034396118484437561e-09 3.893547924235462832e-09
7.562694954685866910e-10 3.589445492252707508e-09
6.204408709891140678e-10 3.463915316388010808e-09
6.649272399954497905e-10 3.670450532808899764e-09
6.085224449634551786e-10 3.557994263246655354e-09
6.739054806530475429e-10 3.568132873624563094e-09
8.260020404122769816e-10 3.640062408521771298e-09
6.533834966830908925e-10 3.460251027718186459e-09
6.845645839348435735e-10 3.409488359466195240e-09
8.730821427889168468e-10 3.715141443535685361e-09
8.393634925596415642e-10 4.103586543351412192e-09
8.701487095095216854e-10 3.198383608832955302e-09
8.414289914071560320e-10 3.329755971208214667e-09
4.862149071414023278e-10 3.271325025707483214e-09
5.636544665321707762e-10 3.891689470037818022e-09
7.539772195741533987e-10 3.237446770071983435e-09
7.166037685237824896e-10 3.392900805920362412e-09
7.213024073280393904e-10 3.700192319229245321e-09
9.450718061998486408e-10 4.760746844112872815e-09
1.486961846239864795e-09 4.561708308756351399e-09
7.869133260101080378e-10 3.401771886274218743e-09
6.145932129584252892e-10 3.796493634581565877e-09
8.462398545816540680e-10 4.046523012220859765e-09
9.505131165497005219e-10 3.782869782298803619e-09
6.885816692374646992e-10 4.031539894640446058e-09
7.634628564119338903e-10 3.267781576141714951e-09
7.575323688797653020e-10 3.737850114703178714e-09
7.196315564215182837e-10 3.776260884478688505e-09
8.548449259251355841e-10 3.757008584216237104e-09
6.245955009944736590e-10 3.592394059523939908e-09
6.333333440124988963e-10 3.438865533098578330e-09
1.053167041391134199e-09 4.291714169085025772e-09
9.880055440589785417e-10 3.732919925823807314e-09
9.491163655184209376e-10 4.362865351140499275e-09
8.817727211862802560e-10 3.454614896327257113e-09
6.845348398201167183e-10 3.385645104572177016e-09
6.145101506263017932e-10 3.591684391722082980e-09
8.935957448557019236e-10 3.936094231903552927e-09
9.146867669187486576e-10 3.463126718997955145e-09
7.580957608297467656e-10 3.746777540072798472e-09
8.885741117410361777e-10 3.960699308663606805e-09
7.502897642552852504e-10 3.462807508185505945e-09
9.027509950101375087e-10 4.428192041814327385e-09
1.024687313474714764e-09 3.666896838694810953e-09
6.834002560935914337e-10 3.942514769732951994e-09
7.775684935040772080e-10 4.324793815612792820e-09
8.639573934487998393e-10 4.000099375844001411e-09
1.003110432066023286e-09 3.680550027638673977e-09
1.023007323965430258e-09 4.349500872194766872e-09
9.673118474893271491e-10 3.838322358205914119e-09
5.396704655140638635e-10 3.740888554602861662e-09
6.603896617889404777e-10 3.544837003573775322e-09
9.242576197721063826e-10 4.052998963743448341e-09
1.134678022935986516e-09 4.163074772804975380e-09
9.818376274779438715e-10 3.671143436804413753e-09
8.558492991141974912e-10 3.635053290054201991e-09
8.842228562571108100e-10 3.670148085802793505e-09
9.519095183350146800e-10 3.670870093628763953e-09
7.816413999535143450e-10 3.889137413352727543e-09
1.180325984023511425e-09 4.267674405127763925e-09
8.071677875705063247e-10 3.841996425762772883e-09
1.023501274175942020e-09 3.452429315075278179e-09
1.315067987889051444e-09 4.186712671071291138e-09
6.443366874009371071e-10 3.890171414241194359e-09
6.926946807652711858e-10 3.569779451936483459e-09
7.899142219685017734e-10 3.394344355911016348e-09
7.475857273675501270e-10 3.998078405857086231e-09
7.822909974493086576e-10 3.548177424818277157e-09
7.250654743984342069e-10 4.793640226125717201e-09
1.710204873234033552e-09 6.101817358285188574e-09
2.496527973562478834e-09 5.126065574586391182e-09
1.518349978141486617e-09 4.374275449663400472e-09
1.188669819384813387e-09 4.812606144696474430e-09
1.240074168890714615e-09 3.833340248093009127e-09
9.393130312673746914e-10 4.392347298562526776e-09
3.790449816733598902e-09 8.067924529314040736e-09
1.957708969712257383e-09 3.788217203691601516e-09
8.833697647787630057e-10 3.318152157589793256e-09
4.972339374944568169e-10 4.014062229543923939e-09
7.092545856721699227e-10 3.316746558994054622e-09
7.609584135934710799e-10 3.906460944563150350e-09
7.690701168030500504e-10 4.071309696882963405e-09
8.851506281644106403e-10 3.793088719248771385e-09
6.497728172689676376e-10 3.527773544192314051e-09
1.167470007203519427e-09 4.256302490830421509e-09
1.183326821774244291e-09 3.505479777231812399e-09
6.428036140277981524e-10 4.059555009007454290e-09
8.507194579578936321e-10 3.177419770509004745e-09
5.975894746370613120e-10 3.184024943038821290e-09
7.356182322837412020e-10 3.576701041311025793e-09
8.549766498617828199e-10 3.938544075936079338e-09
6.736777722835540762e-10 3.571409033611416991e-09
8.527985191904008173e-10 3.519418183714151370e-09
6.186342798173428068e-10 3.975932486355304566e-09
7.516227196902036494e-10 3.347965423017740409e-09
5.185717600397766152e-10 3.275321563705801961e-09
5.156624247319995855e-10 3.579574404284358028e-09
6.974749267101288011e-10 3.991045523434877507e-09
7.771609816700219819e-10 3.770273877307772743e-09
8.232492255046963787e-10 3.643265226855874108e-09
7.617928786203265560e-10 3.739092964679002672e-09
6.710189045406878100e-10 3.351710038259625610e-09
6.875225226394831628e-10 3.522140672430395901e-09
7.973635219968855397e-10 3.902668599039316258e-09
6.388492765836417266e-10 3.326234873384237404e-09
7.394332205876708510e-10 3.615999827161431491e-09
5.699302419088781334e-10 3.626996185630560040e-09
7.440961780957877203e-10 3.757765283808112485e-09
7.115240441635251517e-10 3.735470119863748301e-09
1.171560259535908617e-09 4.264461342245340568e-09
8.555619278922677044e-10 3.623738419264555095e-09
8.784446981735527067e-10 4.191207699477672807e-09
8.877289947122335474e-10 3.678282490000128593e-09
7.052879664115607446e-10 3.719291882589459527e-09
6.536997389048337622e-10 3.623029682785272498e-09
6.101359613239765191e-10 3.590950509533285972e-09
8.860540110617875756e-10 3.785347566008567437e-09
7.993082981556653522e-10 3.809131681919097584e-09
6.656506448052823567e-10 3.814439056441188035e-09
7.139857043512165288e-10 3.366908291354775372e-09
9.994473075494169557e-10 4.048398230224847516e-09
6.870737415738403617e-10 3.714215476065874152e-09
7.842651102691889257e-10 4.456535447388887553e-09
7.008631364442408098e-10 3.309561172500252596e-09
9.717624634504318905e-10 4.215071443468332541e-09
1.091257086955010932e-09 3.751002950593828911e-09
9.387345635332167556e-10 4.271320067346095842e-09
8.383528911508620277e-10 3.537714947015046902e-09
1.168349059298634544e-09 4.017840605229139328e-09
1.997509505599737200e-09 4.798224661499262045e-09
1.382237533107399856e-09 4.125481937080622018e-09
7.964966353029012282e-10 3.416519612073898366e-09
5.006538121961057319e-10 3.337090369313955318e-09
6.043568719178437735e-10 3.604331752285361315e-09
6.648397538810968730e-10 3.842063713818788538e-09
