4.491791725158691067e-06 1.639199852943420433e-06
1.133157014846801851e-06 5.947130918502807352e-07
3.155593276023864810e-07 1.709350049495697031e-07
1.236003339290618797e-07 1.315339654684066760e-07
9.961427748203277214e-08 1.008505597710609435e-07
7.614378631114960037e-08 8.482401072978973269e-08
6.168505549430847026e-08 6.029662862420081452e-08
4.753599315881729196e-08 4.809965938329696807e-08
3.695527464151382645e-08 3.949955105781555281e-08
2.991046942770480846e-08 3.434687107801437317e-08
2.328278496861457890e-08 2.705261483788490224e-08
1.973478123545646575e-08 2.636790089309215658e-08
1.765981130301952526e-08 2.507984079420566511e-08
1.551255956292152308e-08 2.398166246712207789e-08
1.394280232489108988e-08 2.099455706775188389e-08
1.377507764846086507e-08 1.659061200916767072e-08
1.042543444782495445e-08 1.551614981144666714e-08
1.057293172925710647e-08 1.456898357719182904e-08
1.045004278421402035e-08 1.502004452049732129e-08
9.302962571382522348e-09 1.223915815353393517e-08
7.548845838755369582e-09 1.314111892133951266e-08
7.663848344236612931e-09 1.158963423222303326e-08
6.763924844563007430e-09 1.091636158525943740e-08
7.348496466875076047e-09 1.168663520365953492e-08
6.073871627449989381e-09 1.246607769280672047e-08
6.223968695849180352e-09 9.672516956925391702e-09
5.066057667136192710e-09 1.035027299076318781e-08
5.211224779486656174e-09 9.206503629684448217e-09
5.432795733213424936e-09 9.099071845412254349e-09
4.366334527730942119e-09 8.771625347435474990e-09
4.339300561696290711e-09 8.098031394183635719e-09
4.418507684022188353e-09 8.545808494091034694e-09
4.347765818238258077e-09 9.279320947825908435e-09
4.748339764773845772e-09 7.326670922338962220e-09
3.638924565166234817e-09 7.441495545208453964e-09
4.488791339099407458e-09 7.826829329133034546e-09
4.096129443496465965e-09 9.401075541973114811e-09
3.906153375282883403e-09 6.057183723896741564e-09
3.079413436353206599e-09 6.956273224204778547e-09
4.138054326176643668e-09 6.459693424403667204e-09
3.430879209190607123e-09 7.061221636831760124e-09
3.131363773718476161e-09 5.884801037609576932e-09
3.602679586037993303e-09 7.527187932282685984e-09
3.263640217483043520e-09 6.601604633033275628e-09
2.673796610906720237e-09 5.187387578189372969e-09
2.917456440627574731e-09 7.102985866367816948e-09
3.635188331827521500e-09 5.748064257204532423e-09
2.509209327399730837e-09 5.098516587167978218e-09
3.225140506401657927e-09 5.415535531938075735e-09
2.665984677150845546e-09 5.121155641973018639e-09
2.152281813323497896e-09 6.777210626751184165e-09
3.596378024667501243e-09 4.630827344954013602e-09
2.540005370974540825e-09 4.759625066071748422e-09
2.734631998464465247e-09 5.049029830843209878e-09
3.648457815870642667e-09 5.426614545285701587e-09
2.640986815094947901e-09 5.189346615225077075e-09
2.060374245047569274e-09 4.357934929430484809e-09
2.549404511228203911e-09 5.146368406713009273e-09
1.973238773643970690e-09 4.429014865308999781e-09
3.528128378093242516e-09 5.589521024376154304e-09
2.954990835860371695e-09 5.147281102836131804e-09
3.345023607835173467e-09 7.422506809234619188e-09
2.915925113484263218e-09 4.922497086226940512e-09
1.937546185217797956e-09 4.034703597426414513e-09
2.055522520095110062e-09 4.370829556137323788e-09
1.933384803123771976e-09 5.712653510272502905e-09
2.148346044123172825e-09 4.108937922865152138e-09
2.288915449753403593e-09 4.470228683203458850e-09
2.006295835599303257e-09 3.774279262870549919e-09
2.262020949274301528e-09 4.660879727452992994e-09
1.981523120775818735e-09 4.127690102905035432e-09
1.515864627435803507e-09 3.630755934864282584e-09
1.895435736514628031e-09 3.870758693665265973e-09
2.658643526956439023e-09 4.192422609776258531e-09
2.746888436377048481e-09 5.309722386300563998e-09
3.180266125127673079e-09 4.052995704114437145e-09
1.977749401703477075e-09 4.067339468747377707e-09
1.752342330291867172e-09 3.423035144805908256e-09
2.812161343172192681e-09 8.001478388905524683e-09
4.346326459199190083e-09 5.140964873135090188e-09
2.360639162361621958e-09 4.902802407741546963e-09
1.762395841069519418e-09 4.702790640294551993e-09
2.415359951555728835e-09 4.030609037727117228e-09
2.211880171671509661e-09 3.692547325044870421e-09
1.596650341525673767e-09 3.537554526701569504e-09
1.440137973986566156e-09 3.366632387042045641e-09
1.947585493326186985e-09 5.312512163072824598e-09
2.715432550758123425e-09 4.031856544315814914e-09
2.674361225217580589e-09 6.415289361029863152e-09
2.561930334195494482e-09 3.487138310447335279e-09
2.625988796353340331e-09 3.711804747581482095e-09
2.817341592162847721e-09 5.015857052057981499e-09
1.727208029478788313e-09 3.120401175692677386e-09
1.338936504907906025e-09 3.623838070780038818e-09
2.090901602059602777e-09 3.024339675903320335e-09
1.706083538010716465e-09 2.906558336690068200e-09
1.938193570822477144e-09 4.665866494178771715e-09
3.598647424951195705e-09 4.188769496977329476e-09
2.136578317731618926e-09 2.977536292746662999e-09
1.563973724842071447e-09 3.102460643276572022e-09
1.769136986695230011e-09 2.445957157760858337e-09
1.875244779512286063e-09 3.348802449181675815e-09
1.748081180267035935e-09 3.614397719502449234e-09
1.050042337737977531e-09 3.118107095360755885e-09
1.356510561890900051e-09 2.936271717771887737e-09
1.087416894733905796e-09 3.157475963234901475e-09
1.533320057205855745e-09 3.817175980657339470e-09
1.540769007988274189e-09 2.633608877658843887e-09
1.033373060636222353e-09 2.284502610564231854e-09
9.501716704107820617e-10 2.721800003200769435e-09
1.285765436477959200e-09 2.759682247415185098e-09
1.503122155554592610e-09 6.405553314834832767e-09
3.530218033120036295e-09 5.831698421388864400e-09
1.820886041969060895e-09 2.808883320540189706e-09
1.061630668118596174e-09 2.817612141370773284e-09
1.099903020076453727e-09 3.480870276689529512e-09
1.546113169752061304e-09 3.735416801646352177e-09
1.022881362587213486e-09 2.399727236479520609e-09
1.267386251129210050e-09 3.270085435360670039e-09
1.040180446580052320e-09 3.015298396348953430e-09
1.418460626155137949e-09 2.909974893555044946e-09
1.362520735710859199e-09 3.311633598059415649e-09
2.157891402021050299e-09 5.137024912983179175e-09
2.627292647957801858e-09 3.407913027331232992e-09
1.906626275740563752e-09 3.170169424265623103e-09
1.386001589708030288e-09 2.964193001389503372e-09
1.035729539580643126e-09 2.575007732957601448e-09
8.763259393163025714e-10 2.672518370673060494e-09
9.598116739653051392e-10 2.576635451987385901e-09
1.026693847961723868e-09 2.310202224180102331e-09
2.064744941890239769e-09 2.877332037314772400e-09
1.257010968402028054e-09 2.857495797798037363e-09
1.250818022526800713e-09 2.600017702206969132e-09
1.305666519328951907e-09 2.769197802990674848e-09
1.586026046425104202e-09 3.079032059758901606e-09
1.780203892849385824e-09 4.256482236087322605e-09
1.068029901944100933e-09 2.196114743128418790e-09
9.852584917098282987e-10 2.721564844250678830e-09
1.409117598086595637e-09 2.482029376551508933e-09
1.356585649773478476e-09 2.390229376032948545e-09
1.493852236308157492e-09 2.905151108279824382e-09
9.561989572830497832e-10 2.482421230524778368e-09
1.366483396850526432e-09 2.306740963831543997e-09
1.649505342356860643e-09 3.864784026518464144e-09
1.618373091332614415e-09 2.529038116335868735e-09
8.302503265440463531e-10 2.252679783850908294e-09
3.135539358481764737e-09 3.465769346803426610e-09
3.191058989614248239e-09 2.465950557962059989e-09
1.865270081907510811e-09 3.652209416031837633e-09
1.924901036545634124e-09 3.226550063118338610e-09
1.397334504872560503e-09 2.502438845112919685e-09
1.100366585887968444e-09 2.472954569384455734e-09
9.506030473858118366e-10 2.527978736907243616e-09
1.340232323855161714e-09 3.309354884549975385e-09
1.349967438727617354e-09 2.885841066017747022e-09
1.366682467050850399e-09 3.113147336989641067e-09
1.798673300072550741e-09 4.551385063678026182e-09
1.439216430298983955e-09 2.815434010699391488e-09
1.312822801992297267e-09 2.264102455228567317e-09
1.207549474202096484e-09 2.447624923661351064e-09
1.997941639274358801e-09 2.832909347489476330e-09
2.957849996164440920e-09 3.953787032514810687e-09
1.687341136857867174e-09 3.417426254600286291e-09
1.282846904359757797e-09 2.454381901770830057e-09
1.221373793669045034e-09 2.261010464280843938e-09
7.601202232763171381e-10 2.273275284096598642e-09
6.504373159259558128e-10 2.241091104224324226e-09
8.868204313330352614e-10 3.149214433506130976e-09
1.111696008592843983e-09 2.671999623998999542e-09
1.175658311694860371e-09 2.001974266022443772e-09
9.245984256267547568e-10 2.828442957252264160e-09
1.918168272823095209e-09 2.526796190068125547e-09
1.668442739173769905e-09 2.366906730458140351e-09
1.843588193878531442e-09 2.577676204964518589e-09
1.598542439751327025e-09 2.254341263324022108e-09
1.271520508453249975e-09 2.466404344886541325e-09
9.641937795095146140e-10 3.079938003793358678e-09
1.103741931729018691e-09 2.976053860038519015e-09
1.056807464919984309e-09 2.143093850463628815e-09
1.548965112306177697e-09 4.147830419242382326e-09
1.630608458071947026e-09 4.562883172184228850e-09
2.161854412406683165e-09 3.937607165426015901e-09
1.579089905135333639e-09 2.173594431951641897e-09
1.316953334026038623e-09 2.524278825148940002e-09
8.760967175476253498e-10 1.850845292210578957e-09
7.802441832609474912e-10 2.407309133559465384e-09
1.208520145155489487e-09 3.206998342648148666e-09
1.339511480182409285e-09 2.449861261993646605e-09
1.116340863518416870e-09 2.464884892106056371e-09
2.108827233314514278e-09 3.130871802568435630e-09
9.372007334604858718e-10 2.076688455417752302e-09
7.016155286692083021e-10 1.958920154720544952e-09
6.926320493221283292e-10 2.033890690654516035e-09
6.710960878990591029e-10 1.972110243514180012e-09
7.081475341692566792e-10 1.903235912322998109e-09
1.004277612082660119e-09 3.750690724700689063e-09
1.132206991314887950e-09 1.810449059121310684e-09
7.402950432151555517e-10 1.914248452521860693e-09
8.905924041755497908e-10 2.385737607255578072e-09
1.060409238561987851e-09 4.681990481913090032e-09
1.549083855934441018e-09 2.274377737194299751e-09
1.065033720806240968e-09 2.260257955640554500e-09
7.700214046053587963e-10 1.786431181244552051e-09
9.662990341894329019e-10 3.367781871929764789e-09
2.286494011059403615e-09 2.820330206304788394e-09
1.938631525263190285e-09 4.380183294415473607e-09
2.001378685235977056e-09 2.681335667148232502e-09
1.426103874109685511e-09 2.161910524591803526e-09
7.804815541021525999e-10 2.099692588672041735e-09
1.381842186674475746e-09 4.110961686819791555e-09
2.974830800667405301e-09 2.780428156256675776e-09
2.081474289298057564e-09 3.240362973883748180e-09
1.256331219337880590e-09 2.505412790924310803e-09
9.286247659474611250e-10 3.045236226171255237e-09
7.572816102765500857e-10 1.755890669301152230e-09
1.309240935370326121e-09 3.377720015123486443e-09
1.523999846540391394e-09 3.064419608563184558e-09
1.472793519496917647e-09 3.262349870055913738e-09
1.048412988893687686e-09 2.129582921043038545e-09
7.643339922651648067e-10 2.316881669685244709e-09
1.320052193477749820e-09 1.741594634950160972e-09
6.969006499275564969e-10 1.855227164924144745e-09
1.096598221920430744e-09 1.866375096142291850e-09
1.180328428745269822e-09 2.758608665317296969e-09
1.260889577679336071e-09 2.475751796737313472e-09
8.963575237430632127e-10 2.395358169451356126e-09
8.069273899309337063e-10 2.578023588284849916e-09
9.391454514116048143e-10 2.524758921936154387e-09
1.465422566980123606e-09 3.687060670927167073e-09
1.537051517516374629e-09 4.880214575678110108e-09
3.517403034493327316e-09 3.732974408194422904e-09
1.226028311066329564e-09 2.126403618603944961e-09
1.033873762935399986e-09 2.116398187354207238e-09
8.850307785905897572e-10 2.423369092866778416e-09
9.840563870966434665e-10 2.307090209797024815e-09
1.232062582857906844e-09 1.878817216493189252e-09
6.818536203354596582e-10 2.202574862167239171e-09
6.090454990044236061e-10 2.088289009407162516e-09
6.093388074077665692e-10 1.711346325464546655e-09
5.950949271209538301e-10 1.772584277205169227e-09
8.908793097361922048e-10 2.375948475673794629e-09
1.608771970495581592e-09 3.101166104897856712e-09
1.095469575375318532e-09 2.694020280614495287e-09
1.080407062545418718e-09 2.082039136439561809e-09
8.649975061416626479e-10 2.239210065454244522e-09
9.134337888099252715e-10 1.817629090510308749e-09
1.286158803850412286e-09 2.630343660712242218e-09
3.180955536663532391e-09 3.343593096360564316e-09
1.202201121486723427e-09 2.114791655912995146e-09
1.402043155394494575e-09 3.039201255887746691e-09
9.310425957664846868e-10 3.706328338012099295e-09
2.088187262415885822e-09 2.752218628302216479e-09
1.812385278753936210e-09 6.164817605167627116e-09
3.824383718892931669e-09 4.930930677801370662e-09
1.546350540593266412e-09 2.882538363337516596e-09
1.416294835507869672e-09 1.971185905858874401e-09
1.386046875268220988e-09 2.530023222789168435e-09
1.805236330255866042e-09 1.542698009870946470e-09
4.379571182653308051e-10 1.916559296660125133e-09
5.630351370200514581e-10 2.354104770347476157e-09
8.778034243732690978e-10 1.846098923124373062e-09
7.270925561897456896e-10 2.004011766985058826e-09
1.383485505357384708e-09 1.589780091308057359e-09
5.930014885962009216e-10 2.165347104892134822e-09
9.213924640789628013e-10 1.727159949950873789e-09
6.695737829431891457e-10 1.908592763356864583e-09
7.664582808502018223e-10 1.750777591951191518e-09
7.928811246529221523e-10 1.673056744039058582e-09
8.282865746878087862e-10 1.903406344354152576e-09
8.724395884200930659e-10 3.620353993028402525e-09
1.649499055929481937e-09 2.350894035771489250e-09
9.793497156351804184e-10 1.659295638091862104e-09
6.092578405514359407e-10 1.573906163685023716e-09
4.421524936333298836e-10 1.392891746945679092e-09
4.044247034471482144e-10 1.776100718416273589e-09
9.478401625528931921e-10 2.133895875886082667e-09
1.189103000797331266e-09 1.695793936960399075e-09
1.260730903595686011e-09 2.199262147769332091e-09
1.261943718418478970e-09 1.828772365115582952e-09
8.342772489413619373e-10 2.860058331862091869e-09
1.003847923129796916e-09 1.538308919407427230e-09
9.040730656124651705e-10 2.069160109385847958e-09
1.036633737385273067e-09 3.861329983919858642e-09
1.766595407389104387e-09 2.846435876563191315e-09
9.116511209867894292e-10 1.975170336663723108e-09
1.460923696868121628e-09 1.918667578138410931e-09
1.394412829540669851e-09 1.755853067152202147e-09
6.161473575048148659e-10 1.713973470032215145e-09
5.444033304229379109e-10 1.725271577015519101e-09
9.066169150173663747e-10 2.825116273015737549e-09
1.369602978229522619e-09 1.808126457035541631e-09
6.440284778364002814e-10 1.584156998433172798e-09
5.025004502385854727e-10 2.007313305512070613e-09
8.216524147428572120e-10 2.470061182975768949e-09
1.741982880048453784e-09 2.890182659029960644e-09
1.541277510114014180e-09 2.242221729829907462e-09
1.189912902191281238e-09 1.679292996414005806e-09
7.993560866452753196e-10 1.771320588886737920e-09
6.891596131026744957e-10 1.953632105141878198e-09
5.569065688177943118e-10 1.468167523853480878e-09
6.775212241336703052e-10 2.498423680663108921e-09
1.007418730296194507e-09 3.861734876409172861e-09
1.798019511625170693e-09 2.961522666737437152e-09
2.912817057222127751e-09 2.308240393176674815e-09
1.743706176057457966e-09 2.416546223685145473e-09
5.876846262253820581e-10 1.991510391235351399e-09
6.774921203032136393e-10 2.158734714612364619e-09
7.867829990573227137e-10 2.844584872946143230e-09
1.239848905242979545e-09 2.168751787394285008e-09
5.395793705247342201e-10 1.668220618739724085e-09
4.597998049575835371e-10 1.509876572526991467e-09
4.695394600275903895e-10 1.503908657468855302e-09
5.533960065804421530e-10 1.673104357905685940e-09
1.378857647068798447e-09 2.475136891007423472e-09
1.444878173060715292e-09 4.157532937824726003e-09
9.773406200110911779e-10 1.508626155555248217e-09
5.930641200393438817e-10 1.532609923742711444e-09
4.014132136944681428e-10 1.732420874759554902e-09
7.384925847873091559e-10 1.502155442722141655e-09
4.799242597073316980e-10 1.847224892117082983e-09
9.752258192747831946e-10 2.830330748111009736e-09
1.372553873807191883e-09 2.878433093428611804e-09
1.786927692592143949e-09 1.724236761219799486e-09
6.659067585133016367e-10 2.392003778368234761e-09
1.045088050886988620e-09 2.556612947955727376e-09
7.243286818265915331e-10 2.046872163191437846e-09
1.950102159753441678e-09 2.968922257423400900e-09
3.177475649863481627e-09 4.897433333098888504e-09
1.941778347827494266e-09 3.989811986684799352e-09
2.160321222618222161e-09 2.408517757430672608e-09
1.545926439575851062e-09 1.700264634564518926e-09
6.741590332239865826e-10 1.993059879168867971e-09
4.672050417866557499e-10 1.630375394597649599e-09
5.642117466777563502e-10 1.961995614692568870e-09
4.468217375688254588e-10 1.804203609935939398e-09
6.049085059203207275e-10 1.594106899574399066e-09
3.675148182082921256e-10 1.313768094405531966e-09
3.580057236831635366e-10 1.631955616176128435e-09
4.317681596148758962e-10 1.901722862385213188e-09
9.878854034468531024e-10 2.094627125188708174e-09
6.932586547918617620e-10 1.896806410513818252e-09
5.168021307326853509e-10 1.537712174467742495e-09
5.846730782650410649e-10 3.159215440973639691e-09
4.648995120078325473e-09 6.478812545537949001e-09
3.857899690046906259e-09 3.793488722294568810e-09
2.277289051562547701e-09 2.434012014418840205e-09
1.687701325863599805e-09 3.162136068567633444e-09
1.036077737808227458e-09 1.783134764991700745e-09
6.627091788686811513e-10 2.141822362318634944e-09
1.298642018809914653e-09 1.802600221708416969e-09
6.824293523095548474e-10 1.565067097544670027e-09
3.669761936180293664e-10 1.545433769933879473e-09
4.786265781149268277e-10 1.571040251292288205e-09
4.636919475160539408e-10 1.685597118921578003e-09
6.424380117096006906e-10 2.510558348149061323e-09
9.366268059238790972e-10 1.803953899070620564e-09
5.021893884986639537e-10 2.088922541588544948e-09
5.095629021525383387e-10 1.782113104127347448e-09
5.350217688828706675e-10 1.466333633288741159e-09
3.932654508389532795e-10 1.407966017723083519e-09
3.990334225818514980e-10 1.725203124806284807e-09
4.250812635291367938e-10 1.552684232592582648e-09
6.341435946524142941e-10 1.894414308480918213e-09
8.181980228982865941e-10 1.859666430391371273e-09
7.615264039486646780e-10 1.576262409798801010e-09
4.220753035042434990e-10 1.452112337574362693e-09
5.230550887063145415e-10 1.735787838697433472e-09
3.569662512745708139e-10 1.828185282647609653e-09
5.458989180624485228e-10 1.810321817174553946e-09
4.885361995548010327e-10 1.445967936888337042e-09
4.541215603239834335e-10 1.325284363701939486e-09
2.502434363123029704e-10 1.512472867034375746e-09
5.169030046090483761e-10 2.110802102833986165e-09
6.432697991840541865e-10 1.626175595447421151e-09
5.816263146698475163e-10 1.918960246257484015e-09
7.198587991297244810e-10 1.679334556683897937e-09
6.400807178579271179e-10 1.481924206018447934e-09
5.347544793039559905e-10 1.843723119236528797e-09
5.086499731987715011e-10 1.709191710688173672e-09
4.777903959620743969e-10 1.353465137071907544e-09
1.564721926115453205e-09 1.685097697190940334e-09
1.042483025230467237e-09 1.821097685024142274e-09
9.639740455895662180e-10 1.595972338691353848e-09
4.925240064039826760e-10 1.660128124058246556e-09
5.270175752229988544e-10 1.863830955699086296e-09
1.096586114726960705e-09 2.987820655107498169e-09
1.677833148278296095e-09 3.673821222037077111e-09
1.187236746773123685e-09 1.563665340654551909e-09
1.321575138717889863e-09 3.817415097728371296e-09
1.461643027141690199e-09 2.938920166343450742e-09
8.287868113256990470e-10 2.193771535530686281e-09
6.451045046560466012e-10 1.689329859800636852e-09
7.612463086843491094e-10 1.965579111129045407e-09
7.817668374627828748e-10 1.974817132577300242e-09
8.110147900879383062e-10 1.902860240079462709e-09
1.017202157527208357e-09 1.753940596245229327e-09
7.723127491772174463e-10 1.622809912078082545e-09
6.260646041482687153e-10 3.585755359381437483e-09
1.287526800297200630e-09 1.626053941436111853e-09
5.435514030978083319e-10 1.569932443089783136e-09
4.647146852221340030e-10 1.449660980142653044e-09
3.335018118377774978e-10 1.417580177076160920e-09
2.674921415746212140e-10 1.606908044777810668e-09
4.497006884776055990e-10 1.470030634663999003e-09
4.004518559668213036e-10 1.528970897197723452e-09
7.942208903841673966e-10 1.622686861082911543e-09
6.547665107063949429e-10 1.625134376809000883e-09
9.871132206171751601e-10 1.319596776738762887e-09
4.585925489664077892e-10 1.483966014347970463e-09
3.927421057596802957e-10 2.195423236116766920e-09
6.527996156364679196e-10 2.175893168896436711e-09
1.194775570183992470e-09 1.855418202467262668e-09
1.187902409583330086e-09 6.331289652734995203e-09
1.445796922780573463e-09 2.997044241055846100e-09
3.330576932057738399e-09 5.502628628164530009e-09
1.934331841766834427e-09 1.792889903299510521e-09
1.020558644086122486e-09 1.838712953031063005e-09
4.975415649823844266e-10 1.814841874875128286e-09
5.488427123054861786e-10 1.402314403094351198e-09
5.438980879262090126e-10 1.514878822490572955e-09
4.833600542042404744e-10 2.062499290332198012e-09
5.782443913631141101e-10 1.595604117028415172e-09
3.692155587486922623e-10 1.411925652064383035e-09
7.706552278250455774e-10 3.383474191650748051e-09
1.208666246384382343e-09 2.342115622013807291e-09
8.092734497040510122e-10 1.609111437574029027e-09
4.242501454427838188e-10 1.563621568493545067e-09
3.285106504335999462e-10 1.465534558519721055e-09
4.932784941047430357e-10 1.508266665041446645e-09
5.446001305244862971e-10 1.733041717670857975e-09
6.447232444770634511e-10 1.375730498693883383e-09
4.670571070164441999e-10 1.300230971537530386e-09
7.716901018284261655e-10 1.964585622772574237e-09
1.336328103207051706e-09 2.731369575485586988e-09
1.470377203077077944e-09 1.976452302187681007e-09
7.893972797319293389e-10 2.264043781906366199e-09
9.553264826536178250e-10 2.033930504694580828e-09
7.934469031170010397e-10 1.703669200651347579e-09
7.208575261756777680e-10 1.874790876172482781e-09
1.854241825640201566e-09 6.254584062844514498e-09
2.974653849378228028e-09 2.231293823570013206e-09
1.834098948165774328e-09 4.435505252331495674e-09
3.170132637023925612e-09 3.882341086864471129e-09
1.379076275043189591e-09 2.046081703156232691e-09
7.654873188585042628e-10 1.746578840538859348e-09
8.250483078882098385e-10 1.755150733515620203e-09
4.430176923051476237e-10 1.737958169542253117e-09
4.521713708527386357e-10 1.344333752058446405e-09
2.465773432049900520e-10 1.490697497501969414e-09
3.460702428128570474e-10 1.536700176075100840e-09
3.855242684949189484e-10 1.355923130176961326e-09
3.216919722035527381e-10 1.329511753283441156e-09
3.157407918479293374e-10 1.865389407612383244e-09
9.097771253436803605e-10 1.656247070059180348e-09
7.732214871793985487e-10 1.386496121995150955e-09
8.787103579379617856e-10 1.628262805752456119e-09
4.127376887481659658e-10 1.481168786995112932e-09
5.916139343753457099e-10 1.722887158393859886e-09
3.062499163206666770e-10 1.299370313063263807e-09
3.281444660387933200e-10 1.420326530933380104e-09
3.537203010637313002e-10 1.342740608379244730e-09
4.484374367166310751e-10 1.541526638902723695e-09
4.174757341388613122e-10 1.944210147485137152e-09
5.417369538918137401e-10 1.520807272754609546e-09
4.837467276956885582e-10 1.340045011602342154e-09
5.065660225227475216e-10 2.026572357863187885e-09
5.337070906534790671e-10 1.545837847515940686e-09
3.861776494886725965e-10 1.600091112777590798e-09
6.007449701428413200e-10 1.641942071728408300e-09
5.252215196378529044e-10 1.735772937536239609e-09
7.057318580336868548e-10 1.357597415335476445e-09
3.129240067210048361e-10 1.748008420690894167e-09
4.538675129879265860e-10 1.687903539277613229e-09
7.063113735057413795e-10 1.599339884705841531e-09
3.289819869678467409e-10 1.571589731611311422e-09
4.051008727401494909e-10 1.550896791741251855e-09
3.827523323707282612e-10 1.294115558266639661e-09
4.676989919971675115e-10 1.825775136239826709e-09
1.121178618632256965e-09 4.436519928276539206e-09
9.158097673207521458e-10 1.657322631217539295e-09
1.131883473135530862e-09 2.064080676063895280e-09
4.885201342403888415e-10 1.576310838572680960e-09
4.349917871877551027e-10 1.471694791689515107e-09
3.644163662102073275e-10 1.258398755453527055e-09
2.877492515835910979e-10 1.220482750795781618e-09
9.534668060950934028e-10 1.740717561915516879e-09
8.519513066858053194e-10 3.993267659097909625e-09
2.685621380805969243e-09 4.857304506003856751e-09
2.290429547429084793e-09 4.466441925615072405e-09
1.344624557532369997e-09 2.490233629941940432e-09
6.006801850162446226e-10 1.467668684199452322e-09
3.638566995505243296e-10 1.533125294372439460e-09
4.078085476066917233e-10 1.709315343759953993e-09
7.203897694125771091e-10 1.667183823883533446e-09
1.124462694860994752e-09 1.731950789690017792e-09
4.115074989385903115e-10 2.289043040946125963e-09
1.205205451697111176e-09 2.833296777680516343e-09
1.272709690965711969e-09 2.701333956792950535e-09
1.126303919591009663e-09 2.324516186490654754e-09
9.288024157285690436e-10 1.710919430479407275e-09
6.384057342074811461e-10 1.483648084104061229e-09
4.034370940644294026e-10 1.500061713159084294e-09
7.634751964360475124e-10 1.410083961673080959e-09
5.019493983127176313e-10 1.800069236196577526e-09
3.645981196314096247e-10 1.205967157147824677e-09
2.050332404905930129e-10 1.171921496279537734e-09
3.804500738624483357e-10 1.444831839762628106e-09
4.113891627639531834e-10 2.031569834798574526e-09
4.779662122018635177e-10 1.468914211727678777e-09
3.297772491350770229e-10 1.389082637615501853e-09
3.861737495753914178e-10 1.583137665875256158e-09
5.830941372551024007e-10 2.004410838708281505e-09
5.764850648120045738e-10 1.342667383141815589e-09
6.082009058445692185e-10 1.627954072318971154e-09
5.127686890773474777e-10 1.817812444642186261e-09
4.171948530711233795e-10 1.398536376655101855e-09
3.084062482230365118e-10 1.127455383539199834e-09
2.165497862733900527e-10 1.148337731137871726e-09
6.791512714698911063e-10 1.860718592070043147e-09
5.206386558711528913e-10 1.279731513932347346e-09
9.983155177906154945e-10 1.722800894640386167e-09
5.972898798063397462e-10 1.628146623261272936e-09
1.002200064249336792e-09 1.643600175157189385e-09
7.474120939150452304e-10 1.916210283525288209e-09
8.333660662174224376e-10 2.307520015165209965e-09
8.110964554361998906e-10 1.583899720571935086e-09
4.095664189662784263e-10 1.384797389619052485e-09
2.692013804335147157e-10 1.317847752943634975e-09
3.782791318371891947e-10 2.059259917587042019e-09
9.045526385307312088e-10 2.173812128603458295e-09
6.018768763169646245e-10 1.666648895479738666e-09
6.306250579655170646e-10 1.768596353940665637e-09
6.729950546286999724e-10 2.342885127291083149e-09
7.259905105456709802e-10 1.643207157030701725e-09
3.010125074069946872e-10 1.354973064735531778e-09
4.129501467105001437e-10 1.287599443458020659e-09
4.136775096412748102e-10 1.541189965792000289e-09
5.258240271359682055e-10 1.825996558181941470e-09
3.729045274667441655e-10 1.231343718245625439e-09
4.552228492684662138e-10 1.458504586480557894e-09
6.204443634487688470e-10 1.447493908926844595e-09
6.139833130873739268e-10 1.977274892851710337e-09
3.949427918996661885e-10 1.489814720116555727e-09
2.977087860926985728e-10 1.408403972163796453e-09
4.302118322812020955e-10 1.769276103004813101e-09
8.514119544997811177e-10 2.068320754915475688e-09
7.261072751134633801e-10 1.599033363163471276e-09
5.464803543873130985e-10 1.366267912089824744e-09
1.655125059187412268e-09 3.479318460449576490e-09
7.077351678162813048e-09 2.977522555738687362e-09
1.686134142801165547e-09 2.449128078296780450e-09
1.181265222840011105e-09 1.911075902171432981e-09
5.840944359079003125e-10 1.436103950254619067e-09
4.320431908126920608e-10 1.888394937850534796e-09
3.655846521724015677e-10 1.352785271592438134e-09
2.496906963642686610e-10 1.600705436430871478e-09
7.409179233945906223e-10 1.992106903344392861e-09
8.747414685785770269e-10 2.055864315479993742e-09
6.170615088194609020e-10 1.723146415315568416e-09
3.423124144319445031e-10 1.530536334030330165e-09
5.112898652441800129e-10 1.981521490961313137e-09
5.358014022931456444e-10 1.656723790802061589e-09
7.785948109813034061e-10 1.856684801168739745e-09
6.943941698409616889e-10 1.581361517310142605e-09
7.139600929804146422e-10 2.070570131763816014e-09
7.275433745235204884e-10 2.518006833270192187e-09
7.538724457845091948e-10 1.913629821501672124e-09
1.284915022552013376e-09 2.240294823423027945e-09
1.063951407559215943e-09 2.365996828302741231e-09
7.123660761862992989e-10 1.252754707820713611e-09
2.831973251886666003e-10 1.192924566566944178e-09
1.952971651917323480e-10 1.273772446438670231e-09
2.349690184928476563e-10 1.070133992470800789e-09
2.216648135799914575e-10 1.153906807303428691e-09
1.809561945265158933e-10 1.390939694829285165e-09
2.331030700588598749e-10 1.262941746972501301e-09
4.169663006905466271e-10 1.663366332650184530e-09
4.917402402497828338e-10 1.594852539710700479e-09
5.613760440610349644e-10 1.564748818054795367e-09
2.676803851500153652e-10 1.189391245134174722e-09
2.374313189648091711e-10 1.310796593315899453e-09
2.551642537582665610e-10 1.431145356036722681e-09
2.679297467693686699e-10 1.738880062475800537e-09
2.969265333376824855e-10 1.464332803152501649e-09
3.975112340413033840e-10 1.565693994052708120e-09
3.433219098951667359e-10 1.754554803483188061e-09
3.000335127580910836e-10 1.403041533194482333e-09
2.198680303990840909e-10 1.241616322658955995e-09
4.530815349426120331e-10 1.977051142603158919e-09
6.080371094867586770e-10 1.626537414267659173e-09
4.777197609655558796e-10 1.371517195366322984e-09
7.456618477590382234e-10 2.076667966321110792e-09
4.235017695464194002e-10 1.605409430339932443e-09
2.907835587393492328e-10 1.424003508873283811e-09
2.908410097006708422e-10 1.434951787814498043e-09
2.499284455552697343e-10 1.296301023103296855e-09
4.931151634082197636e-10 1.812204136513173615e-09
9.695503977127374010e-10 2.353500109165906705e-09
1.262475852854549927e-09 1.675963518209755371e-09
4.868847609031945667e-10 1.581026357598602851e-09
3.311005712021142148e-10 1.567164435982704218e-09
5.311332060955464513e-10 1.888822880573570868e-09
6.885043694637715630e-10 1.541992067359387903e-09
3.825400781352072831e-10 1.350313308648765029e-09
2.507109893485903778e-10 1.472516800276935118e-09
2.224985073553398129e-10 1.316501176916062886e-09
2.027993905358016506e-10 1.393229118548333557e-09
2.332241419935599048e-10 1.334614004008472001e-09
2.708480460569262306e-10 1.202624989673495297e-09
2.366428234381601078e-10 1.340727321803569755e-09
3.667873097583651293e-10 1.191952964290976429e-09
2.961391874123364559e-10 1.178330974653363248e-09
4.313846584409475487e-10 1.110816490836441493e-09
4.251294885762035957e-10 1.287864404730498782e-09
2.475614601280540329e-10 1.794062904082238687e-09
7.903735386207699889e-10 2.103564562276005828e-09
5.586534971371293561e-10 1.528349472209811267e-09
4.873769648838787836e-10 2.673808950930833756e-09
1.629755017347633899e-09 3.653907449916005044e-09
7.368288934230804242e-10 1.305816695094108551e-09
3.973445273004472275e-10 1.464501721784472464e-09
8.911881013773381431e-10 1.585100428201258213e-09
5.014214548282325129e-10 1.391632831655442633e-09
3.797499812208115889e-10 1.229422516189515515e-09
2.746485406532883649e-10 1.296371803618967599e-09
2.002341061597689997e-10 1.118065905757248390e-09
1.399587927153334131e-10 1.445576664991676720e-09
5.943425931036472077e-10 2.482643350958824187e-09
9.828817564994097021e-10 2.252243924885988125e-09
7.924432284198700884e-10 1.610536011867225106e-09
3.644156386144459367e-10 1.337130437605083007e-09
2.992911613546311980e-10 1.376969157718122019e-09
3.101587935816496377e-10 1.380996080115437603e-09
9.174371371045708633e-10 2.020897576585411971e-09
5.629012593999504849e-10 1.660107751376926993e-09
3.238418721593916404e-10 1.222369028255343335e-09
2.125552273355424340e-10 1.232679700478911348e-09
2.432713226880878187e-10 1.194380340166389893e-09
4.224604344926774447e-10 1.289414358325302520e-09
3.052629763260483862e-10 1.884463592432439147e-09
3.518865560181439110e-10 1.612746971659362343e-09
5.483042332343757493e-10 2.037954516708850849e-09
6.159009062685072278e-10 1.533044385723769702e-09
5.545755266211927117e-10 1.829620683565735806e-09
4.124875413253903488e-10 1.856771530583500836e-09
3.765536530409008404e-10 1.636366243474185463e-09
2.368512505199760204e-10 1.273062662221491356e-09
4.501376533880829690e-10 1.569947926327586111e-09
5.507338210009038206e-10 1.727466471493244250e-09
9.857327677309513500e-10 2.595449099317192896e-09
1.539490767754614446e-09 2.622377593070268627e-09
1.178778475150465877e-09 1.991236582398414640e-09
6.986534572206437442e-10 1.509866677224636138e-09
6.131585105322300927e-10 1.371591934002935983e-09
3.833712253253906931e-10 1.228603767231106701e-09
3.728445153683424191e-10 1.798048615455627359e-09
4.193925415165722491e-10 1.230010646395385300e-09
3.024711040779948157e-10 1.430076430551707659e-09
4.762773169204592989e-10 1.540492172352969713e-09
4.171759937889874165e-10 2.162076300010085092e-09
4.242946451995521550e-10 1.458450802601873777e-09
2.740503114182502072e-10 1.262909965589642552e-09
1.945880212588235843e-10 1.075357547961175505e-09
1.588051527505740574e-10 1.280522672459483146e-09
1.280803408008068904e-10 1.303686993196606705e-09
1.933979947352782012e-10 1.521545345894992288e-09
5.511573981493711346e-10 1.360014313831925468e-09
4.580792156048119254e-10 1.342934556305408423e-09
5.107654142193496738e-10 1.635903492569923338e-09
8.240747265517711686e-10 2.264234004542231737e-09
6.523126503452658199e-10 1.460024388507008481e-09
4.828684905078262401e-10 1.366722746752202565e-09
8.026415016502141487e-10 1.596422749571502247e-09
4.588485462591052261e-10 1.210879883728921457e-09
3.420843859203159935e-10 1.275433925911784252e-09
2.604109467938542284e-10 1.666238531470298747e-09
3.404799790587276174e-10 1.335543580353260039e-09
1.855525333667173964e-10 1.401039422489702651e-09
3.096325381193309874e-10 1.505064778029918581e-09
5.841024685651063565e-10 1.679725712165236519e-09
8.100984268821775594e-10 1.256290823221206684e-09
4.185814759694040006e-10 1.501308521255850714e-09
4.280814027879387037e-10 1.430957578122615747e-09
6.219230708666145720e-10 1.882135868072509819e-09
1.687461975961923672e-09 2.988051855936646311e-09
8.307766984216868467e-10 1.592490472830832059e-09
8.448735461570322948e-10 1.854090951383113862e-09
5.404877010732889231e-10 1.319454400800168600e-09
7.765257614664733925e-10 1.849774853326380283e-09
6.149641703814268148e-10 1.571387867443263632e-09
6.053165998309850663e-10 1.786488341167569104e-09
3.282101533841341731e-10 1.381846144795417794e-09
1.968565775314346059e-10 1.418222440406680041e-09
4.364637425169348523e-10 1.526690903119742809e-09
2.702829369809478641e-10 1.376531668938696458e-09
2.471550542395562138e-10 1.468565431423485332e-09
5.968281766399741069e-10 1.893177861347794702e-09
4.626119916792959038e-10 1.362078590318560530e-09
2.312601573066785997e-10 1.559808733873069258e-09
4.433869617059826813e-10 1.440150896087288788e-09
3.005887556355446601e-10 1.308902865275740597e-09
2.472504565957933838e-10 1.416575396433472717e-09
4.111703019589185597e-10 1.982355955988168613e-09
9.470759541727603205e-10 2.984477207064628617e-09
1.264323946088552449e-09 2.455248730257153602e-09
9.287095163017510890e-10 1.942331786267459325e-09
8.788161794655024751e-10 2.066129352897405627e-09
1.102279522456228637e-09 2.310603857040405354e-09
1.531946822069585387e-09 6.215297151356935360e-09
1.875404734164476502e-09 2.048288937658071360e-09
3.523415070958435749e-10 1.332786632701754467e-09
2.410788583802059262e-10 1.440449384972453205e-09
1.880423660622909781e-10 1.263426383957266847e-09
2.768252161331474825e-10 1.369066536426544187e-09
2.294662554049864389e-10 1.243051723577082148e-09
3.541535406839102562e-10 1.470986520871520090e-09
5.127637414261699169e-10 1.568351290188729761e-09
4.961946397088468073e-10 1.435480779036879544e-09
2.308653783984482296e-10 1.129580312408506832e-09
2.589755749795585626e-10 1.180211780592799265e-09
2.065871667582541722e-10 1.200430910103023154e-09
3.375646192580461582e-10 1.356244902126491076e-09
3.027314378414303175e-10 1.273725531063973933e-09
1.825634535634890144e-10 1.257167896255850776e-09
1.991218014154583182e-10 1.266212901100516251e-09
3.154199512209743332e-10 1.338502042926847974e-09
1.808287634048610959e-10 1.132114441134035525e-09
2.937979879789054577e-10 1.436514081433415507e-09
4.383329651318490733e-10 1.290187239646911521e-09
4.009927506558596951e-10 1.845947583205997986e-09
4.053980228491127629e-10 1.393854618072509738e-09
3.793146752286702520e-10 1.293132896535098565e-09
4.363264597486704564e-10 1.421798369847238114e-09
5.048263701610266955e-10 1.800478086806833794e-09
4.457322647795081097e-10 1.169926486909389557e-09
2.782899828162044222e-10 1.389222452417016003e-09
2.762014628387987430e-10 1.551678520627319906e-09
7.723476737737655487e-10 1.506764441728592004e-09
4.960377700626850577e-10 1.453661243431270153e-09
5.751689895987510617e-10 1.891731517389416529e-09
7.387324585579335316e-10 1.664538285695016418e-09
7.022451609373092447e-10 1.602589152753353059e-09
5.442159017547965070e-10 1.261668512597680093e-09
2.073452051263302587e-10 1.203774358145892705e-09
4.371948598418384711e-10 2.065880456939339799e-09
3.636470355559140268e-10 1.306783757172524932e-09
2.059355756500735920e-10 1.297290087677538397e-09
2.693297574296593470e-10 1.343133160844445224e-09
2.444175770506262563e-10 1.459024846553802498e-09
2.998900890816003116e-10 1.438458799384534449e-09
1.023069373331964106e-09 3.144055139273405232e-09
1.694719539955258353e-09 2.338012913241982429e-09
1.267562387511134110e-09 1.616659457795321875e-09
7.062774384394287892e-10 1.674703089520335261e-09
3.750681062228977835e-10 1.530084409750998115e-09
5.956392269581555926e-10 1.504991087131202275e-09
6.233626045286655896e-10 1.703708083368837833e-09
2.328452974325046134e-10 1.276231603696942238e-09
2.188132493756711578e-10 1.207115477882325599e-09
1.336129644187167287e-10 1.144581125117838432e-09
3.895867557730525659e-10 1.386515214107930760e-09
8.565193274989724433e-10 1.905691926367581073e-09
1.020507421344518713e-09 2.301485044881701419e-09
7.906534592621028444e-10 2.035575453191995595e-09
5.243317573331296597e-10 1.275734393857419487e-09
2.574710233602672646e-10 1.238021068274974846e-09
2.207662473665550223e-10 1.317417598329484399e-09
3.027143829967826658e-10 1.296442002058029230e-09
1.766017085174098678e-10 1.032436848618090182e-09
3.106939257122576177e-10 1.133188372477889080e-09
5.051156622357666367e-10 1.384432078339159579e-09
2.764298114925622956e-10 1.161732827313244446e-09
1.626183075131848568e-10 1.158166327513754329e-09
1.663898292463272826e-10 1.192832714878022605e-09
2.430405147606506773e-10 1.355493091978132696e-09
4.236127133481204669e-10 1.530017005279660307e-09
4.227019089739769836e-10 1.695224200375378035e-09
3.960104659199714732e-10 1.252315705642104192e-09
5.139525746926664846e-10 1.271315268240869042e-09
3.481236053630709894e-10 1.232073525898158451e-09
3.102199989371001477e-10 1.660882378928363333e-09
4.853824793826788493e-10 2.062137471511960196e-09
2.190717495977878617e-09 2.169719664379954394e-09
1.437334227375686233e-09 2.271467586979270026e-09
5.549919442273676507e-10 1.529385219328105420e-09
2.604741894174367360e-10 1.305454294197261416e-09
3.204326203558593929e-10 1.811858266592025734e-09
7.926284451968967815e-10 1.653287326917052240e-09
5.422389949671924155e-10 1.303509227000176840e-09
2.819419023580849205e-10 1.799914170987904088e-09
2.994689566548913948e-10 1.130894990637898433e-09
1.192647760035470033e-10 1.108478056266903832e-09
3.258809738326817541e-10 1.790621434338390804e-09
6.573197315447032328e-10 2.358467550948262141e-09
6.920127780176698810e-10 2.525389194488525208e-09
1.555826980620622635e-09 1.663339091464877149e-09
6.027786293998360651e-10 1.350995502434670890e-09
4.582545079756528034e-10 1.267275772988796253e-09
4.141241661272943088e-10 2.306177513673901457e-09
4.625139408744871369e-10 1.336929388344287809e-09
3.458511782810091723e-10 1.101022004149854090e-09
2.080335980281233658e-10 1.360995462164282706e-09
2.823642280418426009e-10 1.833655638620257434e-09
2.693096466828137506e-10 1.140767824836075251e-09
2.499807742424309146e-10 1.260428340174257805e-09
2.835474733728915219e-10 1.257574534974992334e-09
1.539316726848483046e-10 1.335105160251259732e-09
1.405756047461181949e-10 1.040938077494502033e-09
1.714539102977141754e-10 1.422488247044384386e-09
1.698295964160934026e-10 1.281681237742304823e-09
3.337948000989854180e-10 1.499995240010321232e-09
3.026302729267626843e-10 1.296065165661275398e-09
3.497927973512560113e-10 1.401639776304364214e-09
2.505158772692084287e-09 5.629455205053090684e-09
1.746756257489323580e-09 2.685459563508629726e-09
8.497200906276702590e-10 1.558233401738107217e-09
1.209309208206832316e-09 2.052530879154801259e-09
7.568157743662595812e-10 1.514881849288940465e-09
3.935184795409440765e-10 1.381552778184413858e-09
2.174879045924171857e-10 1.419869950041174945e-09
1.887497492134571089e-10 1.357334665954113033e-09
2.147712220903485888e-10 1.763037638738751373e-09
4.892264842055738076e-10 1.542402780614793249e-09
6.024345639161765981e-10 2.010720316320657663e-09
8.386808913201094069e-10 1.575553673319518620e-09
2.192977990489452953e-10 1.609177212230861237e-09
2.182756725233048324e-10 1.289511215873062626e-09
1.735129771986976333e-10 1.211584662087261592e-09
2.370334113948047171e-10 1.455641468055546207e-09
1.915440661832690248e-10 1.286497572436928662e-09
5.767869879491626935e-10 2.054806565865874221e-09
6.752596236765385104e-10 1.376048778183758250e-09
4.473888839129358747e-10 1.272788853384554390e-09
5.104599404148756981e-10 1.904216827824711867e-09
6.781715201213955736e-10 1.475566881708800733e-09
3.980837645940482468e-10 1.124511356465518388e-09
2.656425058376043984e-10 1.755518023855984133e-09
2.875616773962974676e-10 1.132933073677122599e-09
2.314808225492015605e-10 1.394406892359256778e-09
5.876822397112846343e-10 1.158340252004563885e-09
2.759065537247806684e-10 1.422003842890262526e-09
1.546237326692789817e-10 1.129481126554310275e-09
1.300900476053357044e-10 1.508147572167217691e-09
1.339930604444816794e-10 1.176791265606880264e-09
2.194102708017453603e-10 1.143742934800684387e-09
4.059592029079794640e-10 1.753087271936237733e-09
2.352405281271785551e-10 1.263134530745446769e-09
3.255727933719754150e-10 1.438610604964196692e-09
2.406742278253659834e-10 1.176669960841536600e-09
2.877734368667006379e-10 1.263080746866762652e-09
4.335097910370677466e-10 1.408972544595599267e-09
3.744930727407336018e-10 1.223269733600318394e-09
2.298820181749761003e-10 1.218236400745809008e-09
1.778056321199983320e-10 1.313079381361603713e-09
2.029875322477892019e-10 1.309143961407244275e-09
2.153414243366569236e-10 1.251992187462747104e-09
1.873519213404506559e-10 1.136862672865390704e-09
1.629501057323068408e-10 1.130312099121511075e-09
1.917510526254773216e-10 1.020382624119520165e-09
2.393193572061136251e-10 2.237790497019886771e-09
4.959599464200436788e-10 2.278429688885808006e-09
8.521599811501800584e-10 1.408196985721588182e-09
5.745437811128795405e-10 1.562450779601931611e-09
4.586843715514987717e-10 1.270201872102916326e-09
3.877044364344328452e-10 1.393393380567431472e-09
4.103678220417350328e-10 1.227496191859245318e-09
3.101946786046028174e-10 1.356956781819462715e-09
3.781947598326951435e-10 1.597136142663657745e-09
4.094541363883763695e-10 1.937695429660380061e-09
4.517321940511465033e-10 1.422710134647786519e-09
3.211688308510929541e-10 1.291859778575599096e-09
3.655777254607528275e-10 1.605265191756188872e-09
3.963738272432237893e-10 2.167002763599157509e-09
6.376506644301116737e-10 2.722993958741426276e-09
7.711751968599856251e-10 1.709565636701881940e-09
3.649166610557586133e-10 1.327124075032770538e-09
2.201144234277308074e-10 1.159612438641488609e-09
1.910873834276571888e-10 1.171394367702305311e-09
2.847875002771615830e-10 1.273433095775544742e-09
2.070781047223135898e-10 1.215197262354195208e-09
1.874506997410207877e-10 1.101556001231074331e-09
1.834099675761535822e-10 1.183725893497466970e-09
1.945235999301075822e-10 1.279199612326920075e-09
3.650041180662810959e-10 1.321847550570964711e-09
3.182729706168174920e-10 1.387475989758968435e-09
3.328832681290805438e-10 1.323495409451425041e-09
2.486604207661003109e-10 1.417183550074696638e-09
2.482644049450755247e-10 1.122686895541846832e-09
3.369479672983288720e-10 1.247512293048202984e-09
4.139318771194666490e-10 2.051522489637136640e-09
5.519748083315790107e-10 1.931905630044639188e-09
3.739440871868282448e-10 1.652064733207225899e-09
3.182598156854510191e-10 1.200133003294467849e-09
3.113200946245342678e-10 1.305839978158473884e-09
4.107998684048652769e-10 1.619670307263732015e-09
4.742714809253811512e-10 1.320909941568970629e-09
5.179441650398075668e-10 1.762173487804830119e-09
2.637518336996435909e-10 1.232977607287466445e-09
1.521800877526402559e-10 1.335620530880987542e-09
3.661158261820673957e-10 1.263683312572538926e-09
2.846947172656655233e-10 1.199649646878242475e-09
2.409224543953314460e-10 1.148301758803427241e-09
9.281577658839523952e-10 1.810989459045231371e-09
3.379191330168396314e-10 1.708690077066421499e-09
4.724201571661979193e-10 1.594736357219517295e-09
6.421070429496466715e-10 1.778827630914747749e-09
4.601410764735191808e-10 1.312495092861354444e-09
2.321638748981058472e-10 1.134645310230553228e-09
2.954852825496345650e-10 1.306210760958492696e-09
3.906982892658561525e-10 1.766563276760280211e-09
2.047407469945028487e-10 1.156099257059395236e-09
1.668631448410451533e-10 1.238222117535769837e-09
2.848769654519855766e-10 1.357773668132722452e-09
4.455964954104274687e-10 1.225372427143156545e-09
2.145471953554078837e-10 1.364562078379094562e-09
2.548632328398525969e-10 1.230393187142908519e-09
1.850542612373828908e-10 1.356855151243507761e-09
1.347284269286319549e-10 1.076737535186111942e-09
1.525608531665057016e-10 1.108256517909467124e-09
2.455619396641850261e-10 1.211289316415786838e-09
2.578033600002527087e-10 1.398403081111609891e-09
8.644886547699570238e-10 2.205475699156522681e-09
6.602978683076798785e-10 1.772045274265110451e-09
9.631540160626172316e-10 2.383010927587747599e-09
1.474989694543182762e-09 1.932485844008624669e-09
7.205514120869338098e-10 1.714481855742633396e-09
5.612614331766963019e-10 1.520793652161955855e-09
4.659837577491998602e-10 1.438701641745865258e-09
2.546000760048627851e-10 1.304372213780880076e-09
1.597138470970094299e-10 1.213647192344069523e-09
2.214735432062297965e-10 1.452547148801386377e-09
2.541141002438962492e-10 1.303174765780568145e-09
2.463567652739584220e-10 1.179720973595976753e-09
2.036580262938514233e-10 1.169243478216230897e-09
2.033878699876368097e-10 1.235700910910963983e-09
1.626686571398749870e-10 1.506923814304172918e-09
2.111677458742633355e-10 1.438690465874969965e-09
4.272745572961866769e-10 1.100653549656271935e-09
2.562622830737381968e-10 1.358367269858717937e-09
2.023428678512573360e-10 1.319972099736332861e-09
1.858861360233277174e-10 1.089113415218889763e-09
3.269957378506660503e-10 1.597912982106208795e-09
3.927479556296020638e-10 1.311425352469086623e-09
3.278029325883835550e-10 1.540616853162646314e-09
7.372814579866826642e-10 1.446252455934882136e-09
4.304477188270538842e-10 1.536807045340538015e-09
1.021196949295699558e-09 2.209656173363328052e-09
5.350334104150533338e-10 1.390151679515838614e-09
2.415556082269177062e-10 1.036072848364710871e-09
1.627995952730998329e-10 1.140866079367697269e-09
2.643916814122349049e-10 1.615838264115154663e-09
3.550114342942833948e-10 1.369540812447667032e-09
3.626696998253464564e-10 1.283980673179030490e-09
5.439269589260220954e-10 1.538150827400386282e-09
4.772332031279802828e-10 1.130690681748092245e-09
2.098658442264422693e-10 1.063176197931170491e-09
1.420134067302569628e-10 1.250339788384735613e-09
2.163679746445268339e-10 1.532593858428299356e-09
2.968544431496411349e-10 1.184121356345713234e-09
3.056817513424903141e-10 1.614998443983495227e-09
4.373545234557240958e-10 1.366022625006735332e-09
3.579456242732703820e-10 1.355430111289024310e-09
3.719124069903045757e-10 1.144519075751304584e-09
1.760578161338344272e-10 1.071939361281692955e-09
1.400259352521970994e-10 1.048514852300286327e-09
1.738888386171311189e-10 1.104132505133747954e-09
1.398973399773239992e-10 1.144068082794547073e-09
3.166279930155724451e-10 1.831240835599601175e-09
6.952274125069379664e-10 1.417826861143112245e-09
1.113968086428940322e-09 1.477434067055583059e-09
5.762238870374857863e-10 1.345422700978815563e-09
3.037982678506523165e-10 1.387229422107338850e-09
2.417075447738170867e-10 1.105119939893484104e-09
2.349940623389557254e-10 1.365400501526892087e-09
1.914467866299673787e-10 1.388211618177592780e-09
1.808937668101862106e-10 1.471981755457818598e-09
1.504740794189274379e-10 9.028371423482894878e-10
2.543076989240944641e-10 1.094430335797369496e-09
2.294750884175300644e-10 1.105668488889932575e-09
1.476001052651554228e-10 1.207085559144616134e-09
1.263877347810193976e-10 1.258784555830061470e-09
2.910100738517939875e-10 1.171663054265081796e-09
2.570787328295409440e-10 1.024358207359910030e-09
2.431151515338569732e-10 1.311009982600808169e-09
3.175095771439373677e-10 1.251163892447948388e-09
1.793080155039206234e-10 1.089602708816528416e-09
1.665751624386757672e-10 1.110372366383671800e-09
1.347613288089633031e-10 1.100589404813945323e-09
2.240282483398914323e-10 1.929067890159785805e-09
7.063411758281291046e-10 1.946689793840050875e-09
3.534188726916909365e-10 1.308060484007001024e-09
4.066434921696781926e-10 1.496955985203385278e-09
3.083979827351868332e-10 1.609608880244195465e-09
2.538307744543999193e-10 1.367986900731921245e-09
3.451920638326555475e-10 2.007586648687720413e-09
9.684615070000290094e-10 1.902357442304491898e-09
6.970614776946603986e-10 1.543518155813217196e-09
5.581474979408085286e-10 1.683992100879549976e-09
4.196723457425832614e-10 1.675618113949894862e-09
1.021783100441098112e-09 1.664386829361319602e-09
