1.098991928100585949e-04 4.157044219970703068e-05
3.404772567749023387e-05 2.748426628112792864e-05
2.152871513366699352e-05 1.567375087738037134e-05
8.666707992553711098e-06 4.178042411804199616e-06
2.698259830474853699e-06 2.832722425460815496e-06
2.055475234985351524e-06 2.497388601303100634e-06
1.765298366546630873e-06 1.940179109573364222e-06
1.463031411170959547e-06 1.687938094139099202e-06
1.270097136497497507e-06 1.515472531318664515e-06
1.100215196609497094e-06 1.361176133155822846e-06
9.501789808273314983e-07 1.137688040733337358e-06
7.935442924499511565e-07 9.606111645698547668e-07
6.711924076080322381e-07 8.042453527450561552e-07
6.033062338829040125e-07 6.894965171813964383e-07
4.875725209712982396e-07 5.998805165290832631e-07
4.153501391410827588e-07 5.186550617218017109e-07
3.698593378067016670e-07 4.683702886104583825e-07
3.487296700477599997e-07 4.772736132144928447e-07
3.204477429389953696e-07 3.919986784458160305e-07
2.789562940597534175e-07 3.626126348972320521e-07
2.682794332504272219e-07 3.606258928775787500e-07
2.692927718162536670e-07 3.222272396087646281e-07
2.358625382184982276e-07 3.280533850193023719e-07
2.241626679897308442e-07 3.469985425472259288e-07
2.287466228008270175e-07 3.235166370868682625e-07
2.207834869623184081e-07 2.506016194820403926e-07
1.831317692995071286e-07 2.332114279270172064e-07
1.609710901975631837e-07 2.264238148927688652e-07
1.550331711769103956e-07 2.374614328145980870e-07
1.997286379337310920e-07 1.962310522794723621e-07
1.415793001651764041e-07 1.908102035522461003e-07
1.404152363538742051e-07 2.025011479854583787e-07
1.582656502723693967e-07 1.909648180007934494e-07
1.228253915905952365e-07 1.601165682077407843e-07
1.222797557711601216e-07 1.601247340440750160e-07
1.038491800427436881e-07 1.456438302993774383e-07
1.006381809711456364e-07 1.430723220109939606e-07
1.070574000477790892e-07 1.391921490430831971e-07
9.487728029489517546e-08 1.250677704811096101e-07
9.638499468564986804e-08 1.207797601819038490e-07
9.585561603307723700e-08 1.425192505121230955e-07
9.465660154819488648e-08 1.328736841678619399e-07
8.226009458303451616e-08 1.182749792933464043e-07
7.398632913827896299e-08 1.262985020875930849e-07
8.062496036291122272e-08 1.131152883172035188e-07
8.764633536338806677e-08 1.278310567140579261e-07
7.467241585254668688e-08 1.027105227112770037e-07
6.887295842170714894e-08 1.048572286963462793e-07
5.743234977126121438e-08 1.033965200185775784e-07
5.787055194377899412e-08 9.511800110340118518e-08
7.475603371858597115e-08 9.931749850511550689e-08
7.161659747362136353e-08 9.029721468687057089e-08
4.959598183631896658e-08 8.840764313936233937e-08
4.929442331194877829e-08 8.729068934917450352e-08
4.594154283404350010e-08 8.808577060699463439e-08
4.657638445496559228e-08 8.164779841899871694e-08
5.771984159946441626e-08 1.186725050210952738e-07
6.058647483587264917e-08 9.935307502746582128e-08
5.258423835039139071e-08 8.258034288883208971e-08
5.542537197470665102e-08 7.845945656299590783e-08
4.648003727197646777e-08 8.456309139728546481e-08
4.511472210288047755e-08 1.031586602330207771e-07
3.492409363389015116e-08 7.018395513296127360e-08
3.485201299190521136e-08 7.359897345304489331e-08
3.996673971414566319e-08 7.192158699035644828e-08
4.362386837601661792e-08 5.988620966672897601e-08
3.321915492415428198e-08 1.021084710955619839e-07
3.183790296316146754e-08 5.477848649024963215e-08
3.035426698625087925e-08 6.216377764940262281e-08
2.881091646850109187e-08 5.299668759107590012e-08
2.728906832635402789e-08 6.159154325723647780e-08
3.354886919260025020e-08 6.202010065317153816e-08
3.626005351543426771e-08 5.468249693512916365e-08
3.261455148458480655e-08 6.355657428503036645e-08
3.322416916489601115e-08 5.887591093778610369e-08
3.753669187426566994e-08 7.837042957544326841e-08
5.020771548151970214e-08 7.505600154399871554e-08
4.019826278090477189e-08 8.019648492336273336e-08
3.237491101026534959e-08 5.272521823644638251e-08
2.728232368826866118e-08 5.412878841161728175e-08
3.454229980707168500e-08 4.876407608389854412e-08
2.537241019308566894e-08 5.160134285688400309e-08
3.356811776757240345e-08 5.271521210670471146e-08
3.344696760177612015e-08 7.874203473329543653e-08
2.829614840447902590e-08 4.820163920521736022e-08
2.077296003699302638e-08 4.844054952263832246e-08
2.341977506875991948e-08 4.933422058820724774e-08
2.439375407993793461e-08 5.244572088122367900e-08
4.295358061790466582e-08 6.508382409811019754e-08
4.916892200708389209e-08 7.585922628641129084e-08
4.655102640390396117e-08 7.179778814315795561e-08
2.867432311177253834e-08 5.519953742623329138e-08
2.902417816221713876e-08 1.113711744546890275e-07
4.791242256760597092e-08 6.488435715436935764e-08
3.157559037208557207e-08 7.230592519044875894e-08
2.531890384852886248e-08 4.915782809257507031e-08
2.143667638301849295e-08 4.080587625503540177e-08
2.845225483179092405e-08 5.815557017922401564e-08
2.789281867444515210e-08 4.056771844625472813e-08
2.436935342848300969e-08 4.102736711502074985e-08
1.868650875985622286e-08 4.845126718282699663e-08
2.059280872344970818e-08 4.781353473663329760e-08
3.007996827363967642e-08 7.499196380376815757e-08
6.416747719049453807e-08 5.112431570887565933e-08
3.411237895488738890e-08 4.708687588572502176e-08
2.430403977632522719e-08 5.570071190595626563e-08
2.607323229312896886e-08 4.809915646910667490e-08
2.458877116441726676e-08 4.874566942453384183e-08
2.926362119615077942e-08 7.908814400434494097e-08
4.048671200871467665e-08 4.779506102204322686e-08
3.316183015704155103e-08 5.077430978417396831e-08
2.336297743022442013e-08 4.848125949501991361e-08
2.247021161019802190e-08 4.645482823252677612e-08
3.065618686378001922e-08 3.992634639143943593e-08
2.914911508560180685e-08 5.003366246819496154e-08
1.997935585677623864e-08 4.649316519498824952e-08
1.460092421621084263e-08 4.012567177414894096e-08
1.762200146913528346e-08 4.320327565073967069e-08
2.155558764934539871e-08 4.941677302122116194e-08
3.004860319197178121e-08 4.885083809494971974e-08
1.809268631041050100e-08 3.708742186427116460e-08
1.900408230721950407e-08 4.981998726725578052e-08
2.217194996774196671e-08 5.247336253523826551e-08
1.981565915048122384e-08 4.719627276062965268e-08
2.726387791335582785e-08 9.224551171064377215e-08
3.889820724725723389e-08 5.980151146650313898e-08
3.753621503710746634e-08 5.630136653780936872e-08
3.303508460521697669e-08 4.715684801340102856e-08
2.316569350659847304e-08 3.491769358515739237e-08
2.047818154096603357e-08 4.135471582412719828e-08
2.286196313798427566e-08 3.703367710113525635e-08
2.526424825191497705e-08 4.396462067961692650e-08
2.130263298749923734e-08 3.806963190436363206e-08
2.293511666357517357e-08 4.626958817243576234e-08
2.722441405057907268e-08 3.506735339760780270e-08
2.594042010605335330e-08 5.761539191007613944e-08
3.073666617274284572e-08 4.555224999785423077e-08
2.374147623777389442e-08 3.717428818345069850e-08
1.572035811841487791e-08 3.073375113308430044e-08
1.887194812297821071e-08 4.631116241216659834e-08
1.398363988846540381e-08 4.216305166482925645e-08
2.115753479301929431e-08 5.265324935317039234e-08
1.875338703393936299e-08 3.837737441062927124e-08
1.668547466397285413e-08 3.343460336327552727e-08
1.907684653997421289e-08 3.475457057356834478e-08
1.596554182469844678e-08 3.141306713223457135e-08
1.404459681361913659e-08 3.227133676409721126e-08
3.442497551441192415e-08 5.076096206903457637e-08
1.975080743432044901e-08 3.775425627827644619e-08
1.365575101226568230e-08 3.202562034130096398e-08
1.484002731740474662e-08 3.917617350816726399e-08
1.510567031800746934e-08 3.649816289544105788e-08
1.940620690584182739e-08 4.013214260339737050e-08
1.808022335171699666e-08 3.640035167336464165e-08
1.617811992764472797e-08 3.302485123276710408e-08
1.920850016176700698e-08 3.544009849429130731e-08
1.644256897270679385e-08 3.652513772249221583e-08
4.204344749450683588e-08 5.000283569097519156e-08
3.130027651786804040e-08 5.726524069905281125e-08
2.393449097871780300e-08 4.600673541426658386e-08
2.090183086693286757e-08 3.420358896255493435e-08
1.425093505531549372e-08 3.009399957954883738e-08
1.425811648368835411e-08 3.283480182290077540e-08
2.164665423333644823e-08 4.416052624583244193e-08
1.995261013507843007e-08 4.537741467356681632e-08
2.322666905820369741e-08 4.572090879082679891e-08
2.686238475143909440e-08 3.890105709433555524e-08
2.687673829495906938e-08 4.680354520678520444e-08
2.768394909799099031e-08 3.748600929975509526e-08
1.761798560619354267e-08 3.079435788094997517e-08
2.475037612020969233e-08 4.100663214921951098e-08
3.419124707579612875e-08 3.720212727785110793e-08
2.361608110368251765e-08 5.189413949847221508e-08
2.069375663995742772e-08 3.825089707970619056e-08
1.551047340035438397e-08 3.855841234326362819e-08
1.846235245466232163e-08 5.779450759291648605e-08
2.907857485115527964e-08 4.832423478364944364e-08
1.547476556152105278e-08 4.720488935708999843e-08
1.766449958086013812e-08 4.736259207129478399e-08
1.616695895791053773e-08 3.274871036410331739e-08
1.675578579306602534e-08 4.471454396843910300e-08
1.819173246622085626e-08 2.880725264549255365e-08
1.334107853472232767e-08 3.228985518217086979e-08
8.495020680129527824e-09 3.223316743969917554e-08
1.707969605922698927e-08 3.582284972071647635e-08
9.472942911088466807e-09 3.241071477532386553e-08
1.072452031075954457e-08 3.117916919291019375e-08
1.054635178297758111e-08 4.884709045290947261e-08
2.170446142554283290e-08 3.889924660325050115e-08
2.360508590936660732e-08 3.848781064152717604e-08
2.019065804779529529e-08 4.340291395783424393e-08
1.479381695389747689e-08 3.153922036290169018e-08
2.199775725603103577e-08 4.143723472952842495e-08
3.497208282351493528e-08 4.641777649521827637e-08
1.459759008139371805e-08 2.843904495239257792e-08
2.085415273904800383e-08 6.623094528913497939e-08
4.075370728969574147e-08 4.396609589457511848e-08
3.491871803998947031e-08 7.221490889787673411e-08
2.573717385530471665e-08 3.673837333917617646e-08
1.659854128956794847e-08 3.541841730475425920e-08
1.424845494329929428e-08 3.296452760696411233e-08
1.136705838143825456e-08 3.125991299748420500e-08
1.030421350151300372e-08 2.947256341576576310e-08
8.317854255437851728e-09 3.291597589850425793e-08
8.997997269034385942e-09 4.000838473439216332e-08
1.428351178765297008e-08 2.830836363136768264e-08
1.216048561036586709e-08 3.455140814185142366e-08
2.081600017845630526e-08 3.186410292983054961e-08
1.635294780135154777e-08 3.616595640778541769e-08
2.479500323534011943e-08 3.059099428355693546e-08
1.129254698753356939e-08 3.561399132013320820e-08
1.215471234172582692e-08 3.337955102324485809e-08
1.177052594721317252e-08 4.326293990015983847e-08
1.617967523634433649e-08 3.612043336033820935e-08
1.572240144014358368e-08 3.557171300053596704e-08
1.741405203938484133e-08 4.149556905031204453e-08
2.549510262906551267e-08 3.860693052411079505e-08
2.273504994809627688e-08 3.549677878618240360e-08
1.835744455456733612e-08 4.063410684466362319e-08
1.286855898797512092e-08 3.860156983137131013e-08
1.835653558373451339e-08 4.104965552687644940e-08
2.338027022778987881e-08 4.998277872800826827e-08
2.636718749999999901e-08 5.819813534617424206e-08
5.407874658703803944e-08 1.056618019938468945e-07
2.948970533907413449e-08 3.735583275556564430e-08
1.079913694411516193e-08 3.360174968838692022e-08
8.665747009217738502e-09 3.067688457667827487e-08
9.430129081010818866e-09 3.253221884369850255e-08
8.696297183632851206e-09 2.750161848962306837e-08
1.229318883270025313e-08 3.855975344777107003e-08
1.026446837931871341e-08 2.765296958386898190e-08
2.596840448677539989e-08 4.155163839459419370e-08
1.743607409298419837e-08 3.466614335775375223e-08
1.376482937484979654e-08 3.560358658432960225e-08
3.610247373580932542e-08 5.903620645403861719e-08
2.162233181297779202e-08 3.995780274271965125e-08
1.943534053862094965e-08 4.562187194824218615e-08
4.046522453427314918e-08 6.140913814306259605e-08
2.413307130336761407e-08 4.794273525476455408e-08
1.528418064117431565e-08 3.768298774957656549e-08
1.573852263391017942e-08 5.265237763524055614e-08
1.356639619916677543e-08 3.475257009267807235e-08
2.652729488909244533e-08 5.716761201620102201e-08
1.587993465363979365e-08 2.973968908190727246e-08
9.657610207796097213e-09 2.664511278271675023e-08
1.011391170322895122e-08 3.854111209511756824e-08
2.072815597057342573e-08 3.646447509527206629e-08
1.866631954908371050e-08 3.721293434500694445e-08
1.307368185371160454e-08 3.406602889299392552e-08
1.655735448002815372e-08 4.163147881627082574e-08
9.655044414103031098e-09 2.744404971599578880e-08
8.802121505141259063e-09 3.251421079039573515e-08
1.007425691932439883e-08 3.101576678454875887e-08
1.198127400130033574e-08 4.950849339365959192e-08
4.363414645195007170e-08 5.132083222270012189e-08
7.050319761037826080e-08 7.271157950162887695e-08
4.417917132377624602e-08 3.943330422043800586e-08
1.142131350934505395e-08 3.029188700020313363e-08
1.058141142129898032e-08 4.105611890554428098e-08
1.593923754990100975e-08 3.756022080779075534e-08
2.304679900407791104e-08 3.573615476489066918e-08
9.254627861082553086e-09 3.508499637246131612e-08
9.787235409021378158e-09 3.672849014401435529e-08
9.571785107254981721e-09 3.948079422116279910e-08
1.789126358926296323e-08 4.184365645051002750e-08
2.459774911403656088e-08 4.100149124860763626e-08
1.099225040525198032e-08 2.985170111060142192e-08
8.803968317806720793e-09 3.119758144021034285e-08
9.160459972918033978e-09 2.642335183918476065e-08
7.048392202705145068e-09 2.977033890783786889e-08
9.213108569383621282e-09 2.926470898091793014e-08
8.574577979743480202e-09 3.303010016679763938e-08
2.353967912495136349e-08 5.609619617462158383e-08
2.685678936541080335e-08 3.987846150994301009e-08
3.444446623325348149e-08 3.625962883234024325e-08
1.330758910626172960e-08 3.450047224760055788e-08
7.891220971941947884e-09 2.862638793885707789e-08
1.338582113385200503e-08 4.156310111284255851e-08
2.786456607282161847e-08 4.490062594413757436e-08
3.876829147338867200e-08 4.866145923733711528e-08
2.445399574935436198e-08 3.196811303496360604e-08
1.837918348610401018e-08 3.600271791219711158e-08
1.827816292643547206e-08 3.363100811839104020e-08
1.170559599995613063e-08 3.226792439818381963e-08
1.032861229032278080e-08 3.157268092036247361e-08
7.924909703433513392e-09 2.552902139723300810e-08
7.365103811025619532e-09 2.633344009518623363e-08
9.774596430361270879e-09 3.438442572951316609e-08
7.902237586677074877e-09 2.709772251546382862e-08
8.269260637462139568e-09 3.282029181718825969e-08
1.126831769943237286e-08 3.165722265839576660e-08
3.620236739516258508e-08 6.176347285509108947e-08
2.818503417074680221e-08 3.433758765459060548e-08
1.346483454108238204e-08 4.080759733915328689e-08
3.027220070362091114e-08 6.368594616651535628e-08
7.578650861978531435e-08 6.885699927806854406e-08
2.958676964044570893e-08 4.033949598670005481e-08
1.445018965750932635e-08 5.594572797417641006e-08
1.989232935011386834e-08 3.349285945296287814e-08
1.262128353118896447e-08 4.492836818099021686e-08
1.334571372717618912e-08 3.147710859775543161e-08
1.534096524119377021e-08 3.037253580987453572e-08
1.860594376921653630e-08 3.546120598912239149e-08
1.201690360903739988e-08 3.558889776468276846e-08
1.328796707093715712e-08 3.642894700169563536e-08
1.403357274830341328e-08 3.297979757189750799e-08
3.359658643603325160e-08 2.827869355678558298e-08
9.515445679426192713e-09 2.647471986711025218e-08
6.531416904181242090e-09 3.836774453520774780e-08
1.062528602778911550e-08 3.426869958639144711e-08
1.399453170597553308e-08 3.165338560938835051e-08
1.530376821756362999e-08 6.356424093246459405e-08
2.576139196753501789e-08 4.286520555615425241e-08
1.375314965844154328e-08 4.441577568650245896e-08
1.129078585654497103e-08 3.050188347697258051e-08
1.164388377219438584e-08 3.462914004921912933e-08
1.059412583708763125e-08 2.862743102014064744e-08
1.724006421864032797e-08 3.707283362746238681e-08
1.290745288133621281e-08 3.464886918663978846e-08
9.216658771038055418e-09 2.729505673050880371e-08
7.175809238106012599e-09 2.910317666828632315e-08
8.096438832581043984e-09 2.764182351529598097e-08
7.280426565557718003e-09 2.712491713464260007e-08
8.299964480102062972e-09 2.839264459908008655e-08
6.168275605887174666e-09 2.695453353226184782e-08
6.568878423422575340e-09 3.265662491321564006e-08
7.639860734343529396e-09 2.846318483352661045e-08
7.013495545834303189e-09 2.822250686585903076e-08
1.388690806925296808e-08 3.860899060964584459e-08
8.529809303581714924e-09 2.908464707434177429e-08
5.606932565569877753e-09 2.619379758834838799e-08
6.400184240192175135e-09 2.503124251961708171e-08
7.207958027720451643e-09 2.785381115972995779e-08
7.145663723349571048e-09 3.243695944547652877e-08
8.727747946977614747e-09 3.780417889356613429e-08
1.762217842042446032e-08 4.519897326827048961e-08
1.486914511770010068e-08 2.868473343551158780e-08
6.875772494822740341e-09 2.822381071746349270e-08
9.428321383893489836e-09 3.408873081207275590e-08
1.300833839923143349e-08 3.361355140805244283e-08
2.016677893698215515e-08 6.395568698644638418e-08
6.137844175100326731e-08 7.719905674457550440e-08
8.146949857473373834e-08 2.394462376832961829e-07
8.616665750741958007e-08 6.293438374996185904e-08
6.032199412584304359e-08 6.826592981815337662e-08
3.347095102071762188e-08 4.451427608728409102e-08
1.590800471603870360e-08 5.801588669419288450e-08
2.133607864379882815e-08 4.330688342452048994e-08
1.660254225134849664e-08 3.644734248518943739e-08
1.416983734816312709e-08 4.883868247270584342e-08
1.763045601546764498e-08 3.148270398378372266e-08
1.437125168740749298e-08 3.861177712678909316e-08
1.564002595841884634e-08 3.608107566833496029e-08
8.588116616010666054e-09 2.898211218416690984e-08
6.556602660566568409e-09 3.021324612200260194e-08
8.674365468323230436e-09 3.240989893674850414e-08
8.859542198479174751e-09 3.324126824736595251e-08
1.022085081785917329e-08 5.046633258461952301e-08
1.675565913319587648e-08 3.025467135012149849e-08
6.428384687751531283e-09 3.107116185128688813e-08
5.577204748988151313e-09 2.993232011795043877e-08
9.404040873050689737e-09 2.581253089010715342e-08
5.623879842460155426e-09 2.466723509132862159e-08
1.377429813146591132e-08 3.054146468639373543e-08
1.774450577795505669e-08 3.741762414574623007e-08
1.176107767969369883e-08 3.479883819818496473e-08
1.992694474756717757e-08 4.001791402697563078e-08
2.052581310272216829e-08 6.116019934415817548e-08
1.299613341689109813e-08 2.931053005158901078e-08
6.138016469776630689e-09 2.517750859260559202e-08
6.214297842234373064e-09 3.569201007485389912e-08
8.144442923367024034e-09 3.060418553650378998e-08
9.278452023863792333e-09 2.826921455562114683e-08
1.003040093928575526e-08 2.931989729404449399e-08
1.299990434199571638e-08 3.002721257507800743e-08
6.906622555106878133e-09 2.797317318618297427e-08
6.576961372047662967e-09 2.611328661441802841e-08
1.282617356628179477e-08 3.047186322510242281e-08
8.266517892479896593e-09 3.762766718864440926e-08
1.163468323647975976e-08 3.138998523354530431e-08
7.427649572491645886e-09 3.015109710395336016e-08
6.661635823547840260e-09 2.751852944493293923e-08
9.225355461239814406e-09 2.797629497945308827e-08
1.442967168986797262e-08 2.552507445216179021e-08
1.956657320261001495e-08 4.222595691680908252e-08
3.156995773315429781e-08 3.899621218442917074e-08
1.616133563220500928e-08 2.651077136397361903e-08
7.189853582531213378e-09 2.873095497488975447e-08
6.441399455070495909e-09 2.870802395045757140e-08
1.040682941675186195e-08 2.749413810670375681e-08
1.005406118929386077e-08 3.813154250383377204e-08
8.590198121964932257e-09 2.817023359239101550e-08
6.324841175228357075e-09 2.750865742564201500e-08
7.305749226361512908e-09 2.638734877109527727e-08
4.318902269005775666e-09 2.465810813009738801e-08
5.699441302567720324e-09 2.997283823788166044e-08
1.155312173068523431e-08 4.036458209156990320e-08
1.127662137150764543e-08 5.774337425827979734e-08
2.240740321576595284e-08 3.133721277117729486e-08
1.523472089320421080e-08 3.457020595669746288e-08
1.369377598166465809e-08 4.259281232953071284e-08
2.014411054551601562e-08 3.733656927943229512e-08
1.039938908070325866e-08 2.722754701972007701e-08
7.461315020918846061e-09 2.913722582161426643e-08
1.670758239924907784e-08 5.030390992760658490e-08
1.317316666245460462e-08 2.668038569390773890e-08
7.550380192697047571e-09 2.922545932233333504e-08
7.716554217040538407e-09 3.040012903511523876e-08
9.523094631731510902e-09 4.426836594939231649e-08
1.177167519927024818e-08 2.928314730525016882e-08
8.114547468721867364e-09 2.726474590599536838e-08
1.213004626333713506e-08 3.283836320042609986e-08
1.057324092835187901e-08 3.577143698930740035e-08
9.988363832235336005e-09 3.160643950104713594e-08
9.672690182924271233e-09 3.024201467633247353e-08
7.343094330281019494e-09 2.583603933453559938e-08
8.863302879035473281e-09 3.059181943535804596e-08
9.213791228830814723e-09 2.844960615038871798e-08
6.581795401871204079e-09 3.265018761157989805e-08
7.306418847292661564e-09 2.966203354299068436e-08
5.175156984478234999e-09 2.561925351619720462e-08
3.767090383917093218e-09 2.446970902383327371e-08
4.399075638502835856e-09 3.150128200650215167e-08
7.888500578701495497e-09 3.153863176703453033e-08
7.068391889333725221e-09 2.744412794709205751e-08
6.786104291677474976e-09 4.782169312238693135e-08
1.494015567004680578e-08 3.394206613302231070e-08
1.127597596496343685e-08 2.890577539801597630e-08
8.419275283813475888e-09 3.122680820524692644e-08
1.060394663363695191e-08 5.676010251045226873e-08
1.785098761320114234e-08 3.266949951648712407e-08
9.593314491212368616e-09 3.256897255778313001e-08
2.361732162535190681e-08 3.369810432195663608e-08
1.479016523808240954e-08 3.205854073166847102e-08
1.259933039546012869e-08 2.905575931072235180e-08
6.200775969773530979e-09 2.872082777321338798e-08
7.282306440174579482e-09 3.887005895376205192e-08
1.650750078260898522e-08 2.863395772874355179e-08
2.672577463090419710e-08 4.973778128623962207e-08
1.679753698408603821e-08 4.403844475746154533e-08
3.196228295564651548e-08 3.905535116791725146e-08
4.168118163943291026e-08 7.299028337001800635e-08
5.666802451014518937e-08 9.940700232982634991e-08
3.868993744254112558e-08 4.307359457015991493e-08
1.778511703014373639e-08 3.861676901578903505e-08
1.798203401267528498e-08 4.684790223836898673e-08
1.069217454642057370e-08 4.348468407988548428e-08
1.621212996542453689e-08 3.175488486886024338e-08
1.131890062242746381e-08 3.201450780034065059e-08
1.849197596311569227e-08 5.475220456719398570e-08
9.986046701669693066e-09 2.738068811595439857e-08
7.394993677735328555e-09 2.750753238797187776e-08
4.579174332320690439e-09 2.679690904915332767e-08
6.994769442826509465e-09 2.677974477410316569e-08
5.950871855020523425e-09 3.121168538928031908e-08
6.204989738762378337e-09 2.404293790459632901e-08
3.955318126827478307e-09 2.506216056644916518e-08
5.331926979124546368e-09 2.487346902489662210e-08
4.704030230641364755e-09 2.558444999158382489e-08
8.643491193652152565e-09 7.295010983943938929e-08
2.970401197671890208e-08 3.189492598176002391e-08
8.580359630286693911e-09 2.659313753247261057e-08
5.784266628324985733e-09 2.525033056735992348e-08
7.449634838849305846e-09 2.879262529313564150e-08
8.003553375601768494e-09 2.624623663723468647e-08
8.305647410452365222e-09 3.508556634187698436e-08
9.112402796745300871e-09 2.939035929739475249e-08
6.436483468860387932e-09 3.095968067646026924e-08
1.279668323695659704e-08 3.112957067787647413e-08
1.534084789454937046e-08 3.814850375056266759e-08
1.738600432872772197e-08 3.066038899123668929e-08
8.900447748601436021e-09 3.308192268013954392e-08
8.384186774492263700e-09 2.871022000908851560e-08
5.714567843824625010e-09 2.863503433763980888e-08
6.273329723626375399e-09 3.329179435968398977e-08
6.660476792603731003e-09 3.756166622042656208e-08
2.420607581734657253e-08 3.727224841713905418e-08
1.496593002229929112e-08 3.111137077212333725e-08
1.007113792002201155e-08 2.833876572549343146e-08
8.984678424894810287e-09 3.006207756698131871e-08
5.975361447781324558e-09 2.826315723359584811e-08
4.938907921314239133e-09 2.802664414048194866e-08
5.125292576849460648e-09 2.769909985363483507e-08
5.219919141381978712e-09 2.504494786262512304e-08
4.425200633704662061e-09 2.514816820621490435e-08
6.105861626565456211e-09 2.957365475594997528e-08
6.897247396409511645e-09 3.441455215215682660e-08
1.512893661856651452e-08 2.709080465137958402e-08
5.057433154433965343e-09 2.620592340826988237e-08
4.386691842228174145e-09 2.398914657533168844e-08
5.796726793050765835e-09 3.332437947392463470e-08
9.734614752233028261e-09 2.761800400912761794e-08
1.485769730061292683e-08 4.312498494982719704e-08
2.612707763910293642e-08 3.469527140259742436e-08
8.740860037505626645e-09 3.624277561903000165e-08
5.018583033233880707e-09 2.629341185092926035e-08
8.187206462025642327e-09 2.922703325748443517e-08
8.921857923269272015e-09 3.304970636963844202e-08
7.269216701388358997e-09 2.647678181529044955e-08
6.555033382028341180e-09 2.410441637039184656e-08
9.436050429940222918e-09 3.667720779776573375e-08
8.064631372690200006e-09 2.785265259444713632e-08
5.612181965261697526e-09 2.738064154982566956e-08
4.606860689818858949e-09 2.593328617513179750e-08
1.829754374921321768e-08 2.746830508112907324e-08
9.298394434154034312e-09 2.452744171023368866e-08
5.582458339631557855e-09 2.582562528550624763e-08
7.251319941133260890e-09 3.222079202532768240e-08
9.967717342078685571e-09 2.669147215783595941e-08
9.786588139832020089e-09 2.965546026825904769e-08
8.430334739387034563e-09 2.997902221977710471e-08
8.269377052783965405e-09 3.343265876173972965e-08
7.373551838099956172e-09 2.808266691863536882e-08
1.355169806629419253e-08 3.191361203789710688e-08
9.463551454246043512e-09 2.585650607943534789e-08
6.933480035513639640e-09 3.027981147170067055e-08
8.729758672416210206e-09 6.109165400266647719e-08
3.298335149884224111e-08 4.799241572618484470e-08
5.473207309842109599e-08 6.228077039122581722e-08
3.170384466648101931e-08 5.108104273676872548e-08
1.801978051662445070e-08 4.270767048001289129e-08
1.401105988770723394e-08 4.443462565541267070e-08
3.386424481868743607e-08 5.421517044305801408e-08
1.836471632122993443e-08 3.464806452393532071e-08
8.563317358493804589e-09 2.964565344154834739e-08
7.238396443426608931e-09 3.019627742469310843e-08
9.928287006914616281e-09 2.917478606104850617e-08
1.170272007584571806e-08 3.606662154197692602e-08
1.233666017651557886e-08 3.536913543939590348e-08
1.092533394694328305e-08 3.379574790596962125e-08
8.139939047396182694e-09 2.824966982007026583e-08
5.649428814649582093e-09 2.521453797817230118e-08
1.029792148619890218e-08 2.987847290933132338e-08
7.254472933709621837e-09 2.717044390738010409e-08
4.779480397701263677e-09 2.783005312085151638e-08
5.299461539834737641e-09 2.641557715833187248e-08
3.053019288927316535e-09 2.479078061878681323e-08
3.233998781070113367e-09 3.030396997928619468e-08
8.871233090758323300e-09 3.782800957560539427e-08
1.395948976278304991e-08 3.316124156117439119e-08
1.100951712578535108e-08 3.080556169152259543e-08
9.691167622804640954e-09 2.946103550493717106e-08
7.391340564936399500e-09 3.069703653454780733e-08
6.787889171391725633e-09 2.845748141407966545e-08
6.039359606802463691e-09 2.592964656651020101e-08
5.857588723301887787e-09 2.706938795745372729e-08
6.156090646982192616e-09 2.799074910581111923e-08
4.015230108052492038e-09 2.553576603531837481e-08
4.978549201041459777e-09 3.651927784085274003e-08
7.060182746499776514e-09 2.813422679901122982e-08
6.428914610296487943e-09 3.032014705240726523e-08
8.399834856390953161e-09 2.877050265669822848e-08
3.850852837786078832e-09 2.882829494774341722e-08
4.911345895379781384e-09 2.427979744970798422e-08
5.636802874505519599e-09 2.752271853387355790e-08
1.223287265747785603e-08 3.566331416368484281e-08
7.193628698587417571e-09 2.719536982476711277e-08
5.707528442144393894e-09 2.994164824485778763e-08
5.272426176816225355e-09 2.961455844342708705e-08
1.321874931454658511e-08 3.093438968062400659e-08
1.487891096621751713e-08 3.596516326069831865e-08
3.454524651169776667e-08 5.984825640916824819e-08
1.196924746036529418e-07 1.890650838613510227e-07
6.387036293745041071e-08 1.032253578305244447e-07
1.516094896942377111e-08 3.348877280950545999e-08
7.752292323857545942e-09 3.407505154609680413e-08
9.226663969457149247e-09 3.122032806277274779e-08
6.336663849651813523e-09 3.094811737537384182e-08
6.665322929620742982e-09 4.338389635086059452e-08
1.173288468271493900e-08 3.467137366533279592e-08
6.837454624474048814e-09 3.890302777290344243e-08
7.468276657164096254e-09 3.477039560675621276e-08
8.412281051278113732e-09 3.784625604748725685e-08
1.295231096446514209e-08 2.635397389531135721e-08
4.330357536673545824e-09 2.660608850419521215e-08
5.340410396456718380e-09 3.178318217396735818e-08
7.692946121096610374e-09 3.294340148568153654e-08
6.484468467533588591e-09 2.935296297073364151e-08
4.865582566708326710e-09 2.811316587030887464e-08
5.485279485583305419e-09 2.926603332161903483e-08
4.970426671206950835e-09 2.561612613499164710e-08
7.525708060711622758e-09 4.219832271337509397e-08
1.614032872021198108e-08 3.528202325105666981e-08
2.220003306865692145e-08 7.641056925058365296e-08
3.078814223408698789e-08 4.228970408439635954e-08
1.145328488200903001e-08 2.841104194521903973e-08
1.110633090138435285e-08 3.045232966542244206e-08
8.564885705709457900e-09 2.737315557897090787e-08
5.026486702263355024e-09 2.754232473671436384e-08
5.355492699891328851e-09 2.780673466622829537e-08
4.871852230280637661e-09 3.112924471497535451e-08
5.656844004988670556e-09 3.301032632589339907e-08
4.324005916714668009e-09 2.662135846912860781e-08
4.149565007537603334e-09 3.107236512005329077e-08
9.072513319551944010e-09 2.984499558806419287e-08
9.558091871440411251e-09 3.277430310845374800e-08
8.666353300213814379e-09 2.748627401888370628e-08
6.122391205281019601e-09 2.854708768427371891e-08
7.962729781866073261e-09 2.874801121652126249e-08
6.617190781980753189e-09 2.803482115268707402e-08
8.153567090630530895e-09 2.965620532631874164e-08
7.894922979176044883e-09 2.676168456673622247e-08
4.293805453926324736e-09 2.600329183042049514e-08
5.201993975788354584e-09 2.815164625644683737e-08
4.681143909692764517e-09 2.687533386051654815e-08
6.154538597911596113e-09 2.616210281848907417e-08
5.046071950346231262e-09 2.551637776196003123e-08
3.490109695121646052e-09 2.524350024759769340e-08
4.102230537682771940e-09 2.654424123466014826e-08
3.935605753213167072e-09 2.623787336051464176e-08
6.711510475724935159e-09 2.722083590924739783e-08
9.415909647941589065e-09 3.537132218480109857e-08
7.943490520119667473e-09 3.315126150846481632e-08
5.268331151455641111e-09 2.891916967928409725e-08
3.449473064392805161e-09 2.884760126471519312e-08
6.330722011625766721e-09 2.820854447782039602e-08
6.511715706437826149e-09 3.173052519559860065e-08
1.984562538564205125e-08 3.695503994822502033e-08
2.113181911408901050e-08 4.365474358201027137e-08
1.013734191656112682e-08 2.662806771695613916e-08
4.284881521016359240e-09 2.951966039836406827e-08
7.383071351796388384e-09 2.768231742084026422e-08
4.780572373420000345e-09 2.681402675807476063e-08
7.277594413608312680e-09 2.627871371805667745e-08
5.937702488154172527e-09 3.045362234115600705e-08
1.710214279592037077e-08 5.084059387445449847e-08
2.027771435678005084e-08 3.059901483356952340e-08
1.028575748205184901e-08 3.529139980673790214e-08
1.340424921363592067e-08 4.070936888456344417e-08
6.347170099616051032e-09 2.787554264068603388e-08
5.135805811733007509e-09 2.828140556812286514e-08
4.897176753729582058e-09 2.658418752253055716e-08
4.733842797577381469e-09 2.939533255994319947e-08
1.000884920358657778e-08 2.619097940623760302e-08
3.895732806995510913e-09 2.691332064568996350e-08
4.963194020092487706e-09 2.652188763022422809e-08
3.518032142892479913e-09 2.353814616799354555e-08
2.817906672134995446e-09 2.355761453509330900e-08
6.172290071845054578e-09 3.541028872132301069e-08
6.479100789874791837e-09 2.778798900544643530e-08
7.077451329678296771e-09 3.184216096997261242e-08
7.273001130670308992e-09 2.561106346547603447e-08
6.958789657801389761e-09 2.954530343413353018e-08
5.018867086619138428e-09 2.718344517052173697e-08
3.908978309482336308e-09 3.107069432735443364e-08
7.049771491438150653e-09 2.776992134749889411e-08
4.827348981052636845e-09 2.668952569365501396e-08
4.375418182462453748e-09 3.009207546710968251e-08
7.028673775494098400e-09 3.018290363252162691e-08
4.541018046438693709e-09 2.999448217451572533e-08
5.688226316124200631e-09 2.481628581881523264e-08
7.501468062400817064e-09 3.156330063939094561e-08
8.356161415576934920e-09 3.052819706499576334e-08
5.689024459570645990e-09 2.754078805446624692e-08
6.198472809046506743e-09 2.825614251196384321e-08
5.714103579521179234e-09 3.099823370575905055e-08
4.902447108179330712e-09 2.603193186223507003e-08
5.158582702279091262e-09 3.105376288294792333e-08
5.814302712678909145e-09 3.285286575555801099e-08
6.217197980731725721e-09 3.890320286154747145e-08
1.375149562954902661e-08 2.781981229782104581e-08
1.066389307379722544e-08 2.748779766261577511e-08
5.581099539995193366e-09 2.545098401606082887e-08
7.670113816857338767e-09 3.317727893590927139e-08
7.514293305575847005e-09 2.448852732777595567e-08
5.839330609887837995e-09 2.806110493838787161e-08
6.987044587731361498e-09 2.843444980680942640e-08
6.908230017870664970e-09 3.403473272919654991e-08
2.999986335635185300e-08 7.217060029506683528e-08
9.672344475984573622e-08 6.140064448118209357e-08
4.960012435913085954e-08 5.339749902486800908e-08
4.242902621626853900e-08 4.656824842095375242e-08
1.645103096961975002e-08 5.418233945965766938e-08
1.313125714659690816e-08 3.723993152379989630e-08
9.006001055240631769e-09 4.114815592765808146e-08
1.972134038805961578e-08 3.429445996880531540e-08
1.497482880949974097e-08 7.859058678150176600e-08
1.541835069656372012e-08 2.773860283195972460e-08
5.006655585020780675e-09 2.888159826397895725e-08
8.102522231638432273e-09 2.932582981884479499e-08
8.781817741692065400e-09 3.886551037430763271e-08
8.009285666048526474e-09 3.009113296866416894e-08
5.146718118339777050e-09 2.800831571221351509e-08
4.658971447497606323e-09 2.821743115782737665e-08
5.884217564016580255e-09 2.823953889310360036e-08
4.859189968556165877e-09 2.798319049179553896e-08
4.830726888030767849e-09 2.459852769970893907e-08
4.812934901565313325e-09 2.499653957784175797e-08
3.565319115296006309e-09 2.540017850697040432e-08
3.975389525294303948e-09 2.376301027834415422e-08
4.323691129684448645e-09 2.649891749024391067e-08
3.098231041803956055e-09 2.352593839168548679e-08
3.006076440215110683e-09 2.476800046861171745e-08
3.264846745878458188e-09 2.695431187748908979e-08
3.512908471748233020e-09 2.809241414070129532e-08
5.304581951349973751e-09 2.723235264420509293e-08
5.660480353981256671e-09 3.583898395299911687e-08
1.369422953575849554e-08 4.273099824786186473e-08
8.523491211235523816e-09 2.837618626654148087e-08
8.261785842478274828e-09 2.883967198431491867e-08
6.962649058550596441e-09 2.922315709292888803e-08
4.817100707441568313e-09 2.652652561664581295e-08
7.721203379333018562e-09 3.252846375107765084e-08
8.580583147704601436e-09 3.371002525091171289e-08
6.914069876074790771e-09 2.678038366138935022e-08
4.198826383799314658e-09 2.691276744008064233e-08
3.060181625187397121e-09 2.702974714338779526e-08
3.339661983773112146e-09 2.506331913173198665e-08
3.955828025937080003e-09 2.860083803534507730e-08
4.103746265172958325e-09 2.440045215189456900e-08
5.047016777098178795e-09 2.870582044124603254e-08
4.364387597888708052e-09 2.572193928062915967e-08
3.090845653787255318e-09 2.558924444019794386e-08
4.627610556781292089e-09 2.805100940167903821e-08
1.120951678603887601e-08 3.196803107857704166e-08
2.030316740274429442e-08 3.867105767130851536e-08
1.295664533972740123e-08 4.189929366111755424e-08
8.872589096426964379e-09 2.905582077801227674e-08
4.980417899787425962e-09 2.704057656228542236e-08
3.273843787610530878e-09 2.430466748774051808e-08
4.674744792282581291e-09 2.630794607102870786e-08
9.599850513041018774e-09 2.883538044989108956e-08
7.730639539659023032e-09 2.601136825978755789e-08
8.473001420497894197e-09 2.769394405186176442e-08
6.902357563376426380e-09 2.551897428929805816e-08
4.554709419608116342e-09 2.577925659716129265e-08
5.857458803802728552e-09 2.558544650673866213e-08
5.078175105154514386e-09 2.531137689948081860e-08
4.960177466273307558e-09 2.365583740174770490e-08
3.097500884905457617e-09 2.305115200579166509e-08
2.371602691709995065e-09 2.364863269031047835e-08
3.325166180729866068e-09 2.505095489323139046e-08
6.702230777591467280e-09 2.992851473391055906e-08
1.063687540590763084e-08 4.154631122946738969e-08
1.550615113228559405e-08 2.886980585753917714e-08
1.577818952500820102e-08 2.976199984550475929e-08
1.198443025350570623e-08 3.101317770779132659e-08
5.370077677071094624e-09 2.621415443718433471e-08
3.710507415235042548e-09 2.652664296329021601e-08
3.740445477887987834e-09 2.734551765024662035e-08
3.170562908053398135e-09 2.568819932639598894e-08
5.780366715043782994e-09 2.940664812922477597e-08
4.762258380651474085e-09 2.775318920612335125e-08
4.584205336868763374e-09 2.610726840794086404e-08
5.007143598049878743e-09 2.432302571833133690e-08
7.338041439652442931e-09 3.077794052660465167e-08
1.109545212239027002e-08 3.087190724909305384e-08
8.026453666388989089e-09 2.628638409078121065e-08
7.277458440512418839e-09 3.019042313098907283e-08
8.773809298872948326e-09 3.605436161160469142e-08
1.534150820225477331e-08 3.578761219978332637e-08
8.121164515614509641e-09 2.675232850015163289e-08
3.949740435928106599e-09 2.948623523116111690e-08
5.159739404916763241e-09 3.058735094964503999e-08
1.704845204949378948e-08 4.106115922331809971e-08
1.953563466668128873e-08 3.885209560394287232e-08
9.578600525856017526e-09 3.546507284045219283e-08
8.108083158731460214e-09 2.835208736360073053e-08
4.380630329251289484e-09 2.678997628390789045e-08
8.787397295236588253e-09 2.472692169249057665e-08
4.442410077899694655e-09 2.511441148817539316e-08
3.154281992465257508e-09 2.776950784027576328e-08
4.632797092199325215e-09 2.588558569550514317e-08
5.766751710325479578e-09 2.795526199042797050e-08
1.054484397172927883e-08 2.925930544734001189e-08
5.185219459235667828e-09 2.811977081000804771e-08
2.350798808038234866e-08 2.823775634169578698e-08
1.843892969191074234e-08 3.305182978510856433e-08
1.037543732672929828e-08 2.486186847090721147e-08
8.093053475022315841e-09 2.848157286643981782e-08
5.608295090496540398e-09 3.131047263741492979e-08
6.211944390088320007e-09 2.311934530735015750e-08
5.563882645219564462e-09 2.426482550799846746e-08
5.202865228056907964e-09 2.346639893949031672e-08
5.234115757048130140e-09 2.527251280844211692e-08
3.511432325467467122e-09 2.460479177534580320e-08
2.806096570566296410e-09 2.548441290855407591e-08
1.286146324127912555e-08 3.122948296368121877e-08
5.922362674027681691e-09 2.863785251975059385e-08
2.032404951751232159e-08 3.343152999877930005e-08
9.860544465482234599e-09 2.743540517985820895e-08
5.269682034850120676e-09 2.467439509928226366e-08
4.619282670319080268e-09 2.317525446414947357e-08
3.650710685178637668e-09 2.369160391390323763e-08
2.853563986718654755e-09 2.554959431290626603e-08
4.540500696748494875e-09 2.476144954562187136e-08
7.191251032054424435e-09 3.542827442288398419e-08
9.995080530643463660e-09 2.904881350696086980e-08
4.776183981448411750e-09 2.897001989185809968e-08
5.643572192639112525e-09 2.757229842245578922e-08
7.151239085942507133e-09 2.709265612065792031e-08
9.926421567797661292e-09 2.546543441712856416e-08
5.230010021477937561e-09 3.148610517382622065e-08
6.425959058105945777e-09 3.343105316162109644e-08
6.206520367413758998e-09 2.253718301653862006e-08
3.172498662024736495e-09 2.247048728168010691e-08
2.681267447769641688e-09 2.352753281593322636e-08
3.125024493783712278e-09 2.407887391746044064e-08
3.140683518722653553e-09 2.570159360766410990e-08
4.566899035125970467e-09 2.629381418228149422e-08
3.313357941806316524e-09 2.416701801121235021e-08
2.688249107450246846e-09 2.369006909430026855e-08
3.466353518888354139e-09 2.431410923600196772e-08
6.234137807041406256e-09 2.972168289124965622e-08
6.636821664869785346e-09 2.196691371500492203e-08
3.973620943725109273e-09 2.885303087532520426e-08
5.612777546048164241e-09 2.838724851608276295e-08
4.166944418102502608e-09 2.891715802252292788e-08
7.956249639391899571e-09 2.488164044916629733e-08
4.673365037888288747e-09 3.203835710883140880e-08
7.129597011953592557e-09 2.662682160735130317e-08
4.228626377880573547e-09 2.728600986301898998e-08
5.311280023306608147e-09 2.540865913033485540e-08
4.271044395864010005e-09 2.492330409586429568e-08
4.433549474924802764e-09 2.504992112517357002e-08
3.033477580174803660e-09 2.710690163075923803e-08
5.517193581908941645e-09 2.292109467089176172e-08
3.526694374158978275e-09 2.578678540885448437e-08
5.617707967758178708e-09 2.599697746336459971e-08
3.481538966298103423e-09 2.322499454021453799e-08
4.189780447632074025e-09 2.901083789765834809e-08
6.876240950077772059e-09 2.764653041958808874e-08
5.063439719378948283e-09 2.910098060965537895e-08
4.777702502906322372e-09 2.731725946068763659e-08
4.098192322999238909e-09 2.657906338572502289e-08
5.897717084735631753e-09 2.629656903445720641e-08
3.821937367320060347e-09 2.337311021983623344e-08
4.537490662187337947e-09 2.576408721506595628e-08
6.195436697453260245e-09 2.915482036769389969e-08
1.010749023407697741e-08 2.412092871963977923e-08
6.375832948833704292e-09 2.910944446921348627e-08
1.933631487190723383e-08 3.789572045207023295e-08
1.345841865986585670e-08 3.211400285363197535e-08
1.695999875664711067e-08 3.109343908727168742e-08
8.476557210087776806e-09 2.497268095612526058e-08
8.346525952219963004e-09 4.644160345196724068e-08
1.660362631082534839e-08 4.893044009804725660e-08
1.670854724943637869e-08 2.733503095805645001e-08
7.772701792418956280e-09 3.580585494637489327e-08
9.998950175940990061e-09 2.676071040332317251e-08
6.976561620831489321e-09 2.475231885910034211e-08
1.099659688770771032e-08 3.729912266135215615e-08
1.465233787894248924e-08 2.707774564623832849e-08
6.458565127104520419e-09 3.156014531850814738e-08
5.444217473268509213e-09 2.553050592541694588e-08
7.148501463234424845e-09 2.734879218041896947e-08
1.404780242592096281e-08 6.748703867197036770e-08
1.087926980108022772e-08 3.217399865388870296e-08
4.589912481606006530e-09 3.120653517544269525e-08
6.659105885773897302e-09 2.434522844851016978e-08
3.306505037471651962e-09 2.586483024060726156e-08
2.594116143882274497e-09 2.339157089591026270e-08
5.971692036837339522e-09 2.443825267255306169e-08
8.117967285215855306e-09 3.059267066419124603e-08
8.390377275645733677e-09 2.503634802997112437e-08
7.246719673275947850e-09 2.657311595976352596e-08
6.928534712642430898e-09 2.338279597461223500e-08
5.338780116289853996e-09 2.461846359074115700e-08
5.071976687759161139e-09 2.657838165760040171e-08
1.272724941372871382e-08 2.674967050552368101e-08
4.253978375345468391e-09 2.192485518753528445e-08
6.055726204067468925e-09 2.392308413982391300e-08
3.978079650551080825e-09 2.375831268727779225e-08
3.144945716485381069e-09 2.451953850686550047e-08
2.698429627344012350e-09 2.316353656351566319e-08
3.774254349991678988e-09 2.337706461548805260e-08
4.861472640186548190e-09 2.955373935401439679e-08
4.939704667776822787e-09 2.401198260486125903e-08
2.992454916238784627e-08 4.774970188736915390e-08
2.409189008176326614e-08 3.210067376494407501e-08
7.168271113187074253e-09 2.703584544360637617e-08
5.236419849097729122e-09 2.570028416812419783e-08
3.492757445201277792e-09 2.303895913064479895e-08
5.107775796204805001e-09 2.267967164516449138e-08
4.190566949546337131e-09 2.450685575604438925e-08
4.972151946276426042e-09 2.655260078608989729e-08
5.287798587232828153e-09 2.566446550190448596e-08
4.781303927302360901e-09 2.561626024544239063e-08
3.945330623537302163e-09 2.420918829739093741e-08
2.709141001105308433e-09 2.415090985596179926e-08
3.108462784439325126e-09 2.294776029884815375e-08
4.452310968190431860e-09 2.682517655193805723e-08
6.574790924787521376e-09 2.448980510234832804e-08
1.108859851956367543e-08 3.546021133661269879e-08
1.355904247611761108e-08 3.831287100911140331e-08
1.767524890601634868e-08 6.816855818033218078e-08
2.089248597621917825e-08 3.716310858726501666e-08
1.282814983278512877e-08 3.520131856203079291e-08
4.477513954043388078e-09 2.508688531816005857e-08
3.602977609261870554e-09 2.389363013207912456e-08
2.661540405824780484e-09 2.277102880179882184e-08
3.291199915111064819e-09 2.899562008678913156e-08
2.049414627254009188e-08 4.660826176404952977e-08
2.047507278621196766e-08 3.395939990878105157e-08
1.151304692029953037e-08 5.421948060393333148e-08
1.027527824044227664e-08 2.313816174864768832e-08
2.899454906582832212e-09 2.379855141043662993e-08
2.455529291182756234e-09 2.379432134330272576e-08
2.699485048651695421e-09 2.330712415277957887e-08
2.620553364977240550e-09 2.255210094153880984e-08
3.381296759471297108e-09 2.376419678330421310e-08
9.160647168755530558e-09 2.768344245851039815e-08
6.573654245585203534e-09 2.312721312046051031e-08
4.505271092057228159e-09 2.403887920081615489e-08
6.124564446508884602e-09 2.735228464007377765e-08
4.129522014409303713e-09 2.481876499950885651e-08
3.232083516195416516e-09 2.294079400599002900e-08
4.172031767666339797e-09 2.677532844245433886e-08
3.637506393715739185e-09 2.257630228996276731e-08
3.391511971130967132e-09 2.525425329804420625e-08
7.776786107569932190e-09 2.840822562575340260e-08
1.290912367403507160e-08 2.836396358907222617e-08
8.384094573557376287e-09 2.689548209309577831e-08
5.217439960688352362e-09 2.936378680169582510e-08
1.244025304913520880e-08 3.071981482207774865e-08
6.954958662390709100e-09 2.610116265714168517e-08
4.128213040530681913e-09 2.672771178185939676e-08
3.873108420521020875e-09 2.573404088616371232e-08
8.198980242013930832e-09 2.255286648869514324e-08
3.872372442856431310e-09 2.311787940561771463e-08
6.999647710472345619e-09 2.856787107884883793e-08
1.336615905165672261e-08 4.664452001452446203e-08
9.435337968170642579e-09 2.923540584743022899e-08
4.440944641828537091e-09 2.428694441914558481e-08
4.828906618058681821e-09 2.794248424470424680e-08
4.113082308322191285e-09 2.418624050915241389e-08
3.550029126927256508e-09 2.483497560024261459e-08
5.371898412704467611e-09 3.931480646133422761e-08
9.109517559409140835e-09 2.811410091817379024e-08
4.458089359104633546e-09 2.507380768656730813e-08
2.814867999404668604e-09 2.265350520610809354e-08
3.281602170318365139e-09 2.232336625456810086e-08
3.078569425269961428e-09 2.428819797933101545e-08
2.464217599481344166e-09 2.368657477200031253e-08
3.822114085778594140e-09 2.353173121809959413e-08
4.343956708908081045e-09 2.619037590920925056e-08
6.423038430511951197e-09 2.569158188998699202e-08
2.173762023448944175e-08 2.747773565351962924e-08
1.083966996520757623e-08 2.897469140589237207e-08
7.895098999142646169e-09 2.836910262703895636e-08
8.776058442890643931e-09 2.751112170517444625e-08
5.535873584449290836e-09 2.934213168919086326e-08
8.046779781579971685e-09 2.607400342822074908e-08
4.139064345508813471e-09 2.411450818181037768e-08
3.613369073718786172e-09 2.276183851063251548e-08
4.482505843043327486e-09 2.452636882662773056e-08
3.297154791653156406e-09 2.796252630650997084e-08
4.362589679658412611e-09 2.755694277584552688e-08
6.250441540032624843e-09 2.878993749618530438e-08
7.611406967043877171e-09 2.435423247516155348e-08
4.052842967212200364e-09 2.234807983040809730e-08
2.769673475995659811e-09 2.407942898571491295e-08
2.741446252912282827e-09 2.330160513520240870e-08
2.616016194224357637e-09 2.291627041995525420e-08
5.765352398157119857e-09 2.679482288658618856e-08
3.408950520679354483e-09 2.366971783339977195e-08
1.111199054867029225e-08 2.600062265992164632e-08
5.713598337024450439e-09 2.528239786624908593e-08
3.467661794275045501e-09 2.407337538897991321e-08
2.585354726761579370e-09 2.406933344900607954e-08
3.042997326701879352e-09 2.190165035426616752e-08
3.462253836914896994e-09 2.378694340586662134e-08
5.531702190637588201e-09 2.560535632073879380e-08
6.667079869657754577e-09 2.614737674593925387e-08
3.779354738071560962e-09 2.429689280688762660e-08
4.393496084958314657e-09 2.290930971503257627e-08
9.183821268379688327e-09 6.969357281923293993e-08
4.186441004276275797e-08 4.264832288026809402e-08
1.114914193749427738e-08 3.156913816928863413e-08
4.929411690682173081e-09 2.569851838052272822e-08
3.151560202240943829e-09 2.341965213418006960e-08
3.317235037684440476e-09 2.828013338148593959e-08
5.613283719867467782e-09 3.410789743065833815e-08
5.168748088181019011e-09 2.403019182384014170e-08
3.015436464920639828e-09 2.323373965919017713e-08
2.781079383566975480e-09 2.268418483436107522e-08
3.586528357118368018e-09 2.380961738526821100e-08
2.871421631425618922e-09 2.693999372422695018e-08
2.806446515023708493e-09 2.293715067207813353e-08
2.671725349500775410e-09 2.328746207058429811e-08
2.961510326713323634e-09 2.708771266043186188e-08
3.831958398222923198e-09 2.394309639930725180e-08
6.793513894081115793e-09 3.480550274252891490e-08
7.200498599559068966e-09 2.607761323451995701e-08
4.584734793752432247e-09 2.303931117057800152e-08
5.620783194899558733e-09 2.555032074451446507e-08
4.253227729350328443e-09 2.439587749540805692e-08
3.960784059017896252e-09 2.590740285813808594e-08
5.405748263001441784e-09 3.457449749112129529e-08
6.574627943336964047e-09 4.269007965922355702e-08
1.359991449862718647e-08 2.696168422698974740e-08
8.955541066825389048e-09 3.612185642123222219e-08
9.178304113447665987e-09 2.599404752254486181e-08
4.076570272445678470e-09 2.945720590651035293e-08
4.255443345755338995e-09 2.437147498130798416e-08
3.973088692873716163e-09 2.751816436648368856e-08
2.376009477302432198e-09 2.275198511779308286e-08
2.559956395998597341e-09 2.250854298472404517e-08
3.666461212560534676e-09 2.394711039960384476e-08
3.496585413813591149e-09 2.487852983176708359e-08
