6.108723449707031418e-05 2.716520118713378773e-05
1.695947837829589754e-05 1.003648567199707019e-05
6.415107250213623019e-06 4.285098552703857801e-06
2.821483135223388767e-06 2.209110975265502745e-06
1.683867454528808577e-06 1.547378897666931083e-06
1.221054792404174858e-06 1.244260072708129810e-06
1.008166790008544825e-06 1.070487141609191817e-06
8.805137872695922839e-07 9.682738184928893259e-07
8.131171464920044224e-07 9.008733630180359415e-07
7.644558548927306919e-07 8.612582087516784601e-07
7.149392962455749242e-07 8.111675977706908689e-07
6.838205456733703446e-07 7.686062455177307133e-07
6.325127482414245663e-07 7.574757933616638146e-07
6.026082038879394113e-07 6.858653426170349452e-07
5.750386118888854640e-07 6.817581057548523034e-07
5.291240811347961315e-07 6.303407549858092906e-07
5.061367154121398679e-07 6.108107566833496446e-07
4.799499213695526242e-07 5.812979936599731020e-07
4.581577181816101123e-07 5.738681554794311504e-07
4.327506124973297342e-07 5.756230354309081729e-07
4.146168529987335359e-07 5.222733616828918258e-07
3.989571332931518525e-07 5.004828572273254117e-07
3.764994740486145172e-07 4.746589660644531171e-07
3.452349901199340660e-07 4.574272930622100845e-07
3.345915973186492981e-07 4.159331321716308701e-07
2.970001697540283096e-07 4.055586457252502507e-07
2.924322783946990730e-07 3.871518969535827749e-07
2.665964365005493098e-07 3.725932538509368935e-07
2.402022480964660897e-07 3.350207209587096979e-07
2.200645059347152667e-07 3.188362419605255000e-07
2.064419239759445080e-07 2.909244000911712781e-07
1.955439150333404641e-07 2.815194427967071561e-07
1.775449812412261986e-07 2.572361528873443670e-07
1.763528436422348105e-07 2.549917101860046151e-07
1.624402403831481947e-07 2.337671518325805766e-07
1.467054039239883474e-07 2.277364730834961045e-07
1.365050971508026207e-07 2.091516107320785396e-07
1.313496977090835544e-07 1.986020952463150050e-07
1.192143708467483609e-07 1.871884763240814243e-07
1.203716397285461420e-07 2.062373608350753878e-07
1.227871254086494338e-07 1.885639578104019187e-07
1.081148609519004774e-07 1.707572191953658980e-07
1.016149520874023503e-07 1.615802496671676697e-07
9.882930666208267061e-08 1.557928174734115536e-07
9.760022908449173236e-08 1.559892892837524350e-07
8.634155243635177162e-08 1.413266807794570916e-07
8.344869315624236709e-08 1.378288567066192533e-07
8.348552882671355894e-08 1.370698660612106369e-07
7.807552069425583436e-08 1.272206604480743499e-07
7.345031946897506932e-08 1.320985108613967929e-07
8.308243006467819228e-08 1.580369025468826297e-07
8.705434948205947533e-08 1.429868787527084329e-07
7.208579033613204863e-08 1.178399100899696355e-07
6.383986771106719394e-08 1.105408668518066403e-07
6.950051337480545018e-08 1.409684270620346111e-07
6.182282418012619565e-08 1.094837784767150842e-07
5.890981107950210751e-08 1.124526858329772991e-07
6.140625849366187622e-08 1.055645793676376315e-07
5.816052854061127000e-08 1.054422631859779420e-07
5.156422033905983259e-08 9.750939160585403223e-08
5.113386735320091407e-08 1.058068200945854143e-07
5.816014111042022874e-08 9.553710371255874451e-08
5.061560496687889209e-08 9.097911417484283388e-08
5.012468248605728204e-08 8.523674309253692508e-08
4.587408527731895254e-08 8.529061824083328780e-08
4.973194748163223583e-08 8.635963499546051205e-08
4.330595582723617230e-08 8.029837906360626544e-08
4.279633611440658565e-08 7.998233288526534873e-08
4.369958862662315090e-08 7.605048269033432447e-08
4.147356376051902795e-08 9.849338978528976650e-08
4.142514243721962141e-08 8.296447247266769704e-08
4.416200146079063391e-08 7.838755846023560163e-08
4.162296652793884488e-08 7.643402367830276533e-08
3.856647759675979731e-08 7.165437191724776665e-08
3.825170174241065831e-08 7.394315302371978283e-08
4.159880056977272279e-08 7.883808761835098442e-08
4.442832618951797450e-08 7.164777815341950046e-08
3.877129405736923510e-08 8.253799378871917119e-08
3.460966050624847224e-08 6.169132515788078121e-08
3.325289860367774838e-08 7.001080363988876768e-08
3.250815719366073873e-08 5.996861308813095738e-08
2.956214174628257916e-08 6.598448753356933051e-08
3.231038898229599006e-08 6.184168532490730764e-08
2.984453924000263202e-08 6.198598071932792415e-08
3.435245156288146829e-08 6.521839648485183920e-08
3.338115662336349792e-08 5.806243419647217079e-08
3.051245771348476204e-08 6.212433427572250047e-08
3.055463358759880268e-08 5.848447233438491815e-08
3.050274588167667422e-08 5.942898988723754687e-08
3.056067042052745865e-08 5.719507113099098153e-08
3.755526244640350099e-08 7.369637489318848101e-08
2.889216132462024846e-08 5.069137364625930853e-08
2.952902950346469932e-08 6.239702552556991232e-08
2.958122454583644918e-08 6.051983311772346300e-08
2.792487852275371659e-08 6.123335286974907007e-08
2.693062461912631913e-08 5.217267945408820910e-08
2.955681271851062732e-08 5.241836234927177547e-08
2.469369396567344820e-08 5.152885988354682611e-08
2.566472068428993153e-08 5.109179392457008056e-08
3.020455874502658545e-08 4.861883446574211176e-08
2.767963707447051845e-08 4.777654632925987063e-08
2.453389018774032431e-08 4.736242815852165522e-08
2.465147711336612538e-08 4.996823891997337394e-08
2.533041872084140644e-08 5.596536025404930227e-08
2.362049557268619664e-08 5.130079388618469021e-08
2.638705261051654951e-08 5.051496997475624408e-08
2.545084804296493420e-08 4.821706190705299101e-08
2.586364187300205154e-08 4.598459973931312605e-08
2.654810436069965392e-08 4.668076708912849404e-08
2.490180917084217024e-08 4.467361047863959936e-08
2.214846201241016350e-08 4.947200044989586015e-08
2.153844200074672834e-08 4.195207357406616166e-08
2.189526334404945351e-08 4.295969009399414368e-08
2.705200389027595512e-08 4.521015286445617806e-08
3.139110654592514257e-08 5.270463973283767445e-08
2.574739232659339994e-08 5.110814049839973331e-08
2.400020323693752370e-08 4.127930849790573352e-08
2.593674510717391814e-08 5.591280013322830505e-08
2.787394076585769634e-08 3.951626643538474859e-08
1.985900849103927526e-08 4.110356047749519075e-08
1.932883821427822125e-08 4.452569410204887466e-08
2.744559571146965152e-08 4.194820672273636032e-08
2.034653909504413642e-08 3.896698355674743601e-08
1.819729618728160761e-08 3.619446605443954473e-08
1.831910945475101386e-08 3.945341706275939734e-08
1.754749193787574779e-08 3.728518262505531530e-08
1.819577254354953878e-08 5.019611120223998922e-08
1.971379108726978463e-08 4.143115878105163463e-08
2.073931135237216915e-08 4.122070223093033122e-08
1.980878598988056042e-08 3.989107161760330273e-08
2.141153626143932421e-08 4.012378305196761815e-08
2.432628907263278908e-08 5.289759486913681254e-08
3.179775178432464438e-08 8.414071053266525076e-08
2.921639941632747653e-08 4.150122776627540836e-08
2.035066671669483346e-08 3.658206015825271621e-08
1.754265092313289649e-08 3.830420598387718071e-08
1.906096376478671895e-08 6.656676530838012979e-08
3.012285940349102246e-08 3.832957148551940978e-08
2.601191960275173122e-08 4.178074374794960347e-08
2.231728099286556142e-08 3.807499632239341927e-08
1.887521333992481072e-08 4.142005369067191920e-08
1.752409525215625807e-08 3.512502461671828940e-08
1.607349328696727759e-08 3.694373369216918631e-08
2.081071771681308905e-08 3.967972844839096058e-08
2.111104689538478843e-08 3.461508825421333224e-08
2.196928299963474411e-08 3.899072483181953365e-08
2.727764286100864298e-08 4.367109388113021979e-08
2.360901050269603793e-08 4.059164598584174843e-08
1.703972928225994093e-08 3.708359971642494444e-08
1.923316530883312327e-08 3.611225262284278832e-08
1.599216647446155662e-08 3.455870598554611485e-08
1.526471599936485450e-08 3.873082250356673913e-08
1.556269917637109796e-08 3.170018270611763224e-08
1.593653857707977237e-08 3.999905660748481446e-08
1.639496162533760086e-08 3.085368312895297855e-08
1.416062936186790470e-08 3.110624849796295413e-08
1.523901335895061548e-08 3.598703816533088738e-08
1.574785076081752828e-08 3.886140137910842728e-08
1.540447957813739888e-08 3.462565690279006695e-08
1.602879166603088407e-08 2.939686179161071842e-08
1.382910646498203353e-08 3.199793770909309197e-08
1.418978534638881755e-08 2.994473651051521079e-08
1.818113960325717981e-08 3.700364381074905386e-08
2.738148905336856734e-08 6.950106471776962020e-08
6.714448332786559638e-08 6.835772842168807530e-08
5.085095018148422096e-08 5.401749536395073005e-08
1.809842512011528137e-08 3.352734073996543723e-08
1.832203939557075507e-08 3.556376695632934552e-08
2.015157788991928239e-08 3.948324546217918556e-08
1.593074947595596401e-08 3.238292783498764186e-08
1.330345310270786234e-08 4.011348262429237048e-08
2.014779299497604213e-08 3.732264041900634792e-08
1.737413927912711997e-08 3.462703153491020294e-08
1.863233745098113899e-08 3.819637745618819979e-08
1.862296462059020896e-08 4.178112745285034244e-08
1.674319058656692532e-08 3.145496174693107354e-08
1.282591465860605187e-08 2.830564975738525264e-08
1.125304587185382770e-08 3.094886802136897929e-08
1.459028478711843551e-08 3.492876514792442025e-08
1.727569475769996603e-08 4.402692243456840341e-08
2.126871608197688976e-08 3.509371727705002015e-08
1.841078326106071483e-08 3.196964785456657513e-08
1.446705497801303881e-08 2.951633557677269115e-08
1.196100097149610455e-08 2.877037785947322745e-08
1.239589229226112421e-08 2.814215980470180656e-08
1.390449889004230567e-08 3.393685445189475861e-08
1.953384838998317637e-08 2.925481460988521533e-08
1.373946387320756912e-08 2.719905413687229043e-08
1.398812048137187899e-08 4.077048227190971436e-08
2.349045127630233805e-08 3.068920411169528658e-08
2.384431846439838359e-08 3.469416126608848636e-08
1.629202999174594935e-08 2.825990505516528957e-08
1.356025319546461169e-08 3.058138675987720591e-08
1.209697872400283805e-08 2.821486070752143929e-08
1.845151744782924771e-08 2.943881787359714555e-08
1.506584137678146350e-08 2.812295965850353347e-08
1.135919243097305289e-08 2.697885408997535619e-08
1.490746345371007916e-08 3.732493892312049925e-08
1.767066121101379512e-08 2.652191743254661664e-08
1.079854927957057932e-08 2.779778838157653763e-08
1.257770135998725973e-08 3.028437122702598339e-08
1.356256287544965666e-08 2.776785381138324661e-08
1.882987655699253166e-08 3.634142875671386884e-08
1.924571581184863881e-08 3.824548795819282217e-08
1.559617742896080073e-08 3.007983602583408404e-08
1.238170731812715586e-08 2.984046749770641642e-08
1.309012994170188885e-08 2.747166529297828574e-08
1.191448606550693518e-08 3.411426022648811374e-08
1.352518051862716604e-08 2.917809784412384181e-08
1.873674057424068350e-08 4.796523973345756816e-08
1.997816562652587747e-08 3.758685663342476213e-08
1.742235012352466543e-08 3.349928185343742422e-08
2.080471254885196616e-08 4.014510661363601686e-08
1.647062972187995800e-08 2.821686863899230968e-08
1.516137085855007216e-08 3.041807934641838020e-08
2.138108573853969523e-08 3.503724187612533813e-08
1.346328016370534909e-08 2.640864625573158310e-08
1.214034482836723324e-08 2.845479734241962401e-08
1.121765002608299246e-08 2.624316513538360708e-08
1.137643121182918625e-08 2.792194671928882754e-08
1.287875883281230929e-08 2.948822267353534786e-08
1.325118076056241934e-08 2.571881748735904567e-08
1.354500278830528320e-08 2.621670998632907945e-08
1.833686791360378251e-08 2.913322858512401724e-08
1.101508177816867801e-08 2.568058855831622953e-08
9.773965924978256577e-09 2.562253549695014840e-08
1.053446065634489120e-08 2.480437047779559934e-08
8.892185986042022870e-09 2.320066094398498483e-08
9.332991205155850276e-09 2.836464345455169620e-08
1.617827452719211424e-08 3.351738676428794531e-08
2.542044594883918869e-08 5.553440004587173229e-08
2.109944820404052894e-08 2.969083748757839132e-08
1.217087358236312928e-08 2.475900389254093172e-08
1.121368911117315257e-08 3.451257944107055735e-08
1.376039627939462594e-08 2.575202099978923900e-08
1.003866083920002057e-08 2.309910953044891282e-08
1.102330721914768187e-08 3.126034513115882743e-08
1.042340323328971790e-08 2.478518150746822320e-08
9.590283036231994192e-09 2.491209283471107415e-08
1.099308393895626105e-08 2.842914499342441629e-08
1.692457683384418586e-08 2.435763366520404816e-08
1.293232943862676576e-08 2.617285773158073486e-08
1.317616179585456810e-08 2.522246539592742779e-08
9.179407730698584908e-09 2.417677454650401921e-08
1.102570816874504033e-08 2.506203018128872064e-08
1.957578212022781291e-08 3.087068907916546189e-08
2.796819992363453060e-08 4.379504546523094098e-08
1.445851940661668849e-08 2.608753740787506037e-08
9.548055939376354951e-09 2.346163615584373414e-08
9.305640123784541399e-09 2.578988857567310345e-08
9.515690617263316906e-09 2.543000690639018922e-08
1.286733523011207553e-08 3.273432329297065819e-08
1.529736723750829562e-08 2.669445611536502759e-08
1.161893084645271367e-08 2.542989328503608845e-08
8.918965235352515668e-09 2.422350086271762689e-08
9.017753414809703606e-09 2.395269833505153784e-08
8.224721066653728634e-09 2.345925942063331741e-08
9.382994845509528837e-09 2.332977391779422680e-08
8.122080937027931982e-09 2.274997904896736030e-08
8.267721161246299237e-09 2.184863947331905296e-08
8.536789566278458376e-09 2.436462417244911133e-08
1.354775950312614488e-08 2.792533859610557642e-08
1.037290319800376856e-08 2.453345246613025506e-08
1.653480529785156178e-08 3.012293390929698888e-08
1.274685654789209368e-08 2.568643167614936818e-08
1.057066302746534368e-08 2.519378252327442288e-08
1.082251593470573397e-08 2.452862262725830072e-08
8.590090088546276650e-09 2.267251908779144397e-08
8.317028172314167308e-09 2.748767659068107637e-08
1.020230725407600407e-08 2.792009897530079024e-08
1.112769450992345818e-08 2.272542938590049593e-08
9.754049591720104167e-09 3.030985035002231323e-08
1.093439850956201612e-08 2.380192279815673937e-08
1.042062789201736461e-08 2.663900144398212454e-08
1.493983995169401085e-08 2.644677460193633994e-08
1.031077746301889459e-08 2.800282463431358232e-08
1.067293621599674183e-08 2.458615973591804389e-08
1.591428928077221049e-08 2.662407979369163577e-08
1.218260172754526103e-08 2.504366822540759953e-08
1.345439627766609187e-08 3.026247024536132509e-08
1.109539903700351696e-08 2.688929811120033403e-08
9.329008869826793713e-09 2.339295670390129233e-08
1.004409696906805079e-08 2.550685964524746072e-08
1.103770267218351295e-08 2.577687799930572477e-08
1.575305871665477807e-08 2.283335104584693818e-08
1.017675641924142791e-08 2.534345164895057571e-08
9.667912498116492721e-09 2.538049034774303399e-08
9.868081659078598200e-09 2.817095257341861657e-08
2.041497081518173063e-08 3.639232367277145574e-08
1.874415948987007012e-08 3.192921727895736466e-08
1.286081876605749089e-08 2.493355050683021638e-08
8.815603330731391221e-09 2.431074716150760739e-08
8.434323593974113519e-09 2.437043376266956245e-08
8.294242434203624712e-09 2.365381084382533959e-08
9.145898744463921324e-09 2.483294345438480246e-08
8.960044011473656469e-09 2.284353040158748712e-08
1.005048304796218923e-08 2.577615715563297255e-08
1.315490994602441736e-08 2.246443741023540616e-08
1.399200409650802575e-08 2.339058928191661809e-08
8.048031479120254486e-09 2.151736989617347621e-08
8.162292651832104517e-09 2.705078944563865552e-08
1.202007196843624124e-08 2.354161255061626416e-08
8.400882594287395614e-09 2.198263444006443173e-08
8.074782788753509878e-09 2.181909978389740116e-08
8.653158321976660871e-09 2.173567190766334515e-08
8.449439890682696829e-09 2.191658131778240209e-08
8.097383193671703731e-09 2.463278174400329660e-08
7.899827323853968952e-09 2.046856284141540376e-08
1.137427613139152589e-08 6.569831818342208548e-08
5.903005972504615613e-08 4.218634590506553573e-08
2.124034427106380522e-08 3.711545467376708804e-08
1.662125997245311600e-08 3.358409181237221088e-08
1.489220932126045169e-08 2.982670441269874250e-08
1.146413292735815037e-08 2.277109399437904245e-08
9.543071500957012681e-09 3.433533385396003532e-08
1.445406675338745072e-08 2.453520707786083103e-08
1.060677692294120774e-08 2.379048243165016183e-08
8.625343441963196485e-09 2.223254181444644882e-08
7.618384435772895559e-09 1.937166042625904108e-08
6.673616822808981136e-09 1.992788538336753998e-08
8.004819974303245570e-09 1.974519714713096534e-08
6.579258479177951770e-09 2.083970978856086651e-08
1.098430156707763704e-08 2.470677159726619865e-08
1.027630642056465192e-08 2.483357302844524450e-08
8.323355577886104218e-09 2.035276778042316518e-08
8.683709427714347493e-09 2.167530357837676891e-08
9.826595894992352277e-09 2.164047770202159861e-08
9.325577877461910478e-09 2.031808160245418522e-08
6.353659089654684393e-09 2.160459198057651498e-08
8.104411885142325686e-09 2.436408586800098279e-08
7.947265170514583052e-09 2.155275829136371680e-08
7.784785702824592903e-09 2.184832282364368576e-08
7.052662782371044467e-09 2.089062146842479718e-08
6.858459208160638909e-09 2.025866508483886835e-08
7.659011520445346755e-09 2.263844013214111215e-08
7.916189730167388243e-09 2.253497205674648324e-08
8.473267778754235059e-09 2.200709097087383146e-08
9.263597428798675328e-09 2.087682299315929451e-08
8.411240763962269244e-09 2.568636462092399642e-08
9.397123940289020718e-09 2.154434844851493977e-08
8.695695549249648229e-09 2.731044031679630345e-08
1.113011967390775673e-08 2.236193977296352491e-08
8.068342693150042806e-09 2.002754434943199021e-08
9.100258350372314879e-09 2.174282073974609358e-08
1.011220552027225540e-08 2.383770607411861256e-08
8.910927921533583961e-09 2.922352030873298755e-08
1.210191939026117307e-08 2.216906473040580668e-08
8.571756072342396254e-09 2.049322798848152005e-08
7.941545918583869856e-09 2.077148668467998555e-08
7.151693105697631534e-09 2.611934766173362611e-08
7.509875111281872340e-09 1.953193359076976730e-08
7.992640137672424207e-09 2.054903283715248115e-08
6.576457526534795877e-09 2.077433839440345805e-08
8.308062329888344048e-09 2.349123917520046203e-08
8.198383264243602411e-09 2.002476155757904061e-08
9.453126229345798121e-09 3.836542367935180918e-08
1.769259199500083866e-08 2.696734294295311122e-08
1.061932835727930051e-08 2.140568010509014077e-08
8.386136032640934217e-09 2.741604112088680379e-08
9.472211822867393210e-09 2.199281193315982951e-08
7.196994032710790750e-09 2.290887944400310499e-08
9.407347068190575253e-09 2.555321715772151875e-08
1.160948071628809050e-08 2.522422000765800377e-08
1.197222992777824377e-08 2.628294751048088060e-08
9.536574594676495223e-09 2.255274914205074349e-08
7.733317557722329869e-09 2.389198169112205470e-08
7.722013629972934787e-09 2.240130305290222079e-08
6.581434048712253222e-09 1.989821158349514135e-08
6.970350630581379075e-09 1.996536739170551433e-08
8.196643553674220715e-09 2.217743173241615368e-08
1.229014154523611051e-08 2.871640585362911103e-08
1.217652298510074565e-08 2.310293912887573095e-08
1.061837002635002206e-08 2.565181627869605896e-08
1.328369509428739519e-08 2.281082980334758696e-08
8.510720916092396425e-09 2.268957905471324767e-08
8.233170956373213938e-09 2.500383742153644585e-08
8.599084801971912890e-09 2.338807843625545452e-08
6.832106504589319237e-09 1.955411396920680959e-08
1.325796358287334484e-08 4.260182753205299349e-08
2.095860801637172748e-08 3.185655921697616527e-08
1.236592326313257173e-08 2.167264185845851806e-08
1.007187832146882930e-08 2.409751340746879459e-08
1.062221452593803446e-08 3.707103803753852864e-08
1.415667496621608720e-08 3.171935304999351678e-08
1.069229561835527410e-08 2.449020184576511510e-08
9.172645397484302161e-09 2.189782261848449723e-08
6.977362092584371958e-09 2.828641049563884851e-08
8.249286562204361199e-09 2.297974191606044621e-08
7.498710881918669254e-09 2.180786430835723789e-08
5.942686926573514796e-09 1.832682453095912824e-08
5.887404084205627084e-09 2.095491811633109969e-08
7.169887423515319934e-09 2.062816545367240907e-08
9.597294963896274033e-09 1.947284862399101356e-08
6.978727411478758012e-09 2.255042456090450258e-08
7.866393774747849013e-09 2.209269069135188993e-08
8.389563299715518470e-09 1.878538168966770024e-08
7.046456448733806295e-09 1.955437660217285313e-08
6.067269481718540553e-09 1.914367638528346956e-08
5.277780815958976498e-09 1.733923517167568095e-08
6.015550345182418720e-09 1.899390295147895845e-08
6.601728964596986389e-09 2.343317493796348726e-08
7.865399122238159618e-09 1.855461671948433028e-08
6.577996537089347595e-09 2.062799967825412585e-08
7.021062541753053687e-09 2.000324428081512458e-08
6.462209392338991458e-09 2.052842453122139115e-08
5.999435670673847032e-09 1.916665025055408596e-08
6.612260360270738722e-09 2.086463011801242836e-08
6.728153675794601802e-09 2.666315063834190287e-08
7.769943680614232897e-09 2.143353782594203850e-08
7.795711047947406401e-09 2.269254066050052527e-08
1.205984130501747162e-08 2.467570267617702458e-08
1.245142798870801939e-08 2.230495586991309959e-08
8.860284462571143642e-09 2.666541747748851782e-08
9.656760841608048288e-09 2.172301337122917235e-08
8.094877935945986984e-09 2.565287239849567330e-08
1.604690216481685529e-08 2.464766427874565101e-08
1.031756773591041640e-08 1.850478909909725135e-08
5.643161945044994552e-09 2.028555609285831408e-08
8.276131935417651841e-09 1.865410804748535275e-08
6.637509912252426433e-09 2.103823982179164958e-08
7.387563120573758857e-09 2.009007148444652413e-08
7.004916667938232569e-09 2.081208303570747262e-08
1.052988786250352861e-08 3.269437327980995361e-08
2.118966728448867737e-08 2.513800188899040351e-08
1.339116785675287290e-08 2.406141161918639975e-08
1.072341203689575275e-08 1.919106766581535465e-08
7.176229730248451120e-09 1.734025217592716093e-08
1.142905931919813080e-08 2.623708546161651447e-08
1.404197700321674349e-08 2.784446999430656414e-08
1.331657171249389663e-08 2.443099208176136033e-08
1.163922995328903278e-08 2.125575020909309225e-08
1.326076965779066059e-08 2.193994633853435542e-08
7.868004031479358433e-09 1.889545284211635438e-08
5.164576694369316376e-09 2.236658707261085558e-08
6.079060491174459785e-09 1.745193824172020070e-08
4.978101700544356941e-09 1.766243949532508859e-08
5.540803540498018343e-09 1.845728978514671231e-08
5.139073356986045629e-09 1.707773283123970005e-08
6.445175968110560979e-09 2.320551313459873307e-08
5.500773899257183354e-09 2.005355991423130075e-08
8.227034471929072591e-09 2.041822299361228917e-08
6.976296193897724032e-09 1.838436350226402256e-08
6.362436804920434673e-09 1.955282315611839244e-08
7.377926725894213022e-09 2.221664972603321239e-08
6.008168682456016138e-09 1.799991354346275236e-08
4.689494147896766925e-09 1.959096081554889839e-08
6.640083622187375819e-09 1.679112762212753361e-08
6.681948434561491112e-09 2.148151956498622796e-08
9.489471092820167665e-09 1.929282210767268978e-08
1.092009898275136977e-08 2.080370485782623198e-08
8.094923570752143731e-09 1.870774105191230808e-08
6.346532143652438766e-09 2.211962454020976900e-08
6.758287083357572486e-09 1.844903454184532155e-08
5.466661415994167303e-09 2.199301309883594480e-08
9.190040640532969629e-09 2.251222729682922283e-08
7.110678590834140739e-09 1.936960034072399154e-08
7.533296477049589925e-09 1.822360046207904795e-08
7.523866835981607848e-09 1.706113293766975287e-08
6.462886463850736425e-09 2.178980037569999568e-08
5.473088473081588763e-09 1.705394312739372225e-08
5.324018187820911363e-09 2.633354999125003873e-08
9.541890583932398970e-09 2.561761625111103171e-08
9.863630868494509918e-09 1.907481253147125292e-08
6.948248017579316879e-09 2.072501555085182344e-08
7.584212813526391844e-09 2.571794763207435730e-08
6.414624396711588224e-09 1.713812164962291573e-08
6.052949465811252283e-09 1.684536226093769025e-08
6.044393405318260036e-09 1.716015301644802187e-08
4.843583796173334179e-09 1.965251564979553351e-08
8.183652535080909209e-09 1.856400631368160408e-08
1.158385630697012019e-08 2.607561461627483242e-08
6.876928266137838401e-09 1.847545802593231279e-08
6.033239886164665285e-09 1.680338568985462037e-08
5.571982823312282816e-09 1.765063591301441153e-08
5.001257639378309237e-09 1.640457473695278053e-08
5.338789429515599798e-09 1.847844757139682780e-08
5.076776258647441624e-09 1.687479577958583925e-08
6.386633962392807030e-09 1.952042244374751902e-08
6.342491600662470111e-09 1.680132560431957084e-08
6.221965420991182031e-09 2.188194170594215444e-08
1.338287815451622069e-08 2.514879219233989626e-08
7.460351567715406923e-09 1.891475729644298575e-08
5.235529504716396351e-09 1.912879943847656197e-08
8.891608566045761626e-09 2.512206695973873044e-08
8.148230612277984398e-09 1.792549714446067802e-08
7.343545090407132699e-09 2.013750374317169141e-08
5.902293138206004714e-09 1.708785071969032404e-08
4.836109466850757225e-09 1.968002319335937649e-08
7.504818961024283754e-09 1.785268820822238803e-08
8.091607131063938495e-09 1.782264932990074203e-08
8.661473169922828734e-09 2.309896238148212452e-08
8.289488032460212360e-09 1.778072677552699913e-08
9.158897213637829142e-09 2.303478494286537290e-08
1.347713451832532823e-08 3.291404992341995192e-08
1.159081794321537038e-08 1.932244189083576144e-08
6.503017153590917669e-09 1.700969040393829493e-08
6.993515416979789387e-09 1.760651357471942875e-08
6.994095630943774867e-09 1.865354366600513464e-08
5.005453713238238909e-09 1.760382018983364150e-08
6.596731953322887121e-09 2.482089959084987577e-08
7.516920566558838062e-09 1.934263482689857608e-08
6.304155569523573113e-09 2.423338592052459590e-08
1.302221044898033197e-08 1.900799013674259091e-08
6.741300690919160458e-09 2.111819386482238902e-08
5.482049658894539122e-09 1.684127561748027872e-08
4.605809692293405299e-09 1.739516668021678761e-08
4.471093881875276797e-09 1.740367524325847610e-08
4.642815329134464656e-09 1.642738841474056384e-08
4.360898397862911071e-09 1.640027388930320893e-08
4.559453576803207320e-09 1.648848317563533912e-08
4.555382300168276195e-09 1.919895596802234690e-08
5.400739144533872476e-09 1.697841659188270660e-08
4.157545976340770788e-09 1.786838658154010714e-08
4.655190743505954483e-09 2.085139229893684483e-08
5.019569769501686005e-09 1.855757459998130889e-08
5.052890628576279090e-09 1.894113048911094569e-08
5.706508178263902715e-09 1.825068704783916546e-08
7.964530028402805980e-09 2.810561470687389234e-08
1.673541031777858702e-08 2.168999612331390499e-08
1.026539411395788155e-08 2.083870209753513233e-08
1.303514465689659143e-08 2.087184414267540071e-08
9.146516211330890841e-09 2.093895711004734036e-08
6.944479420781135906e-09 1.764023490250110787e-08
5.718965549021959406e-09 1.668542437255382614e-08
5.493000149726867444e-09 2.055546827614307532e-08
8.340682834386826007e-09 1.806962303817272225e-08
6.671763490885496186e-09 1.726102083921432487e-08
5.788130685687065315e-09 2.104494534432888195e-08
4.246189258992672072e-09 1.565553620457649164e-08
7.622328586876391686e-09 2.371226437389850677e-08
9.463560767471790968e-09 2.589504793286323556e-08
1.253533363342285126e-08 2.271826751530170602e-08
2.680249698460102075e-08 4.553729295730590994e-08
1.596322096884250486e-08 1.922535710036754756e-08
6.199593655765056390e-09 1.609021797776222248e-08
4.729729611426591752e-09 1.633252389729022928e-08
5.320280790328979820e-09 1.756160333752632198e-08
4.379965364933013729e-09 1.545903738588094842e-08
5.835249554365873281e-09 1.770724356174468924e-08
5.635174456983804706e-09 1.712224259972572408e-08
4.451833665370941299e-09 1.781386509537696853e-08
5.094015505164861943e-09 1.612615399062633411e-08
3.911756444722413828e-09 1.550360955297946967e-08
4.706970881670713471e-09 1.627931930124759740e-08
6.993824150413274972e-09 2.047643996775150238e-08
1.220905408263206526e-08 2.363531664013862611e-08
1.015847455710172666e-08 2.788555063307285278e-08
8.132754825055598894e-09 1.712661422789096974e-08
5.722619127482175421e-09 2.559647895395755897e-08
9.748158045113087014e-09 1.713465340435504928e-08
4.592905752360820518e-09 1.526126172393560510e-08
4.884429275989532212e-09 1.889763399958610596e-08
4.547814838588237910e-09 1.502547226846218128e-08
4.075578413903713312e-09 1.500643044710159345e-08
4.353350494056939964e-09 1.608494110405444978e-08
5.268754903227090828e-09 1.605652086436748509e-08
4.854538012295961484e-09 1.654623076319694669e-08
4.885923117399215796e-09 1.606214232742786571e-08
4.994546994566917015e-09 1.607780903577804512e-08
5.217851605266332867e-09 2.267333678901195651e-08
4.998532123863696988e-09 1.763495616614818733e-08
4.445075988769531453e-09 1.828097365796565906e-08
4.649048205465078530e-09 1.623263955116271874e-08
5.382428877055645200e-09 1.584505289793014522e-08
7.050297688692808330e-09 1.813334785401821199e-08
5.005951970815658352e-09 1.566575840115547060e-08
3.968773875385522549e-09 1.525733340531587552e-08
4.981333389878272729e-09 1.599400304257869697e-08
5.207741633057594626e-09 1.824438385665416697e-08
4.567377734929323560e-09 1.641115173697471619e-08
4.557118751108646694e-09 1.929167471826076525e-08
5.670533981174230657e-09 1.820023544132709462e-08
5.406260490417480757e-09 1.635308936238288925e-08
4.596882965415716394e-09 1.624529622495174370e-08
4.920436535030603191e-09 1.579186506569385380e-08
5.227018613368273065e-09 1.626914739608764644e-08
5.734867881983518864e-09 1.516935322433710132e-08
5.165972281247377115e-09 1.653728634119033679e-08
5.318663548678159394e-09 1.803729310631751957e-08
5.137386731803416991e-09 1.494012027978897041e-08
4.348392132669687264e-09 1.656265370547771370e-08
4.208895377814769880e-09 1.483168639242649084e-08
4.379340447485447074e-09 1.583665981888771196e-08
4.300195723772049120e-09 1.557728089392185336e-08
5.404142197221517478e-09 1.591220125555992024e-08
5.079739261418580928e-09 1.871114037930965492e-08
5.391134414821863031e-09 1.513425167649984269e-08
7.838919758796691907e-09 1.945848390460014495e-08
1.060867868363857202e-08 2.288577891886234303e-08
1.300297770649194692e-08 2.575637027621269076e-08
1.396564394235610894e-08 2.151966281235218073e-08
7.064974866807460689e-09 2.015855908393859977e-08
5.259637720882892491e-09 1.569704338908195589e-08
5.687719676643610131e-09 1.874052360653877262e-08
6.745271850377320901e-09 2.061369642615318217e-08
8.024972863495350290e-09 1.948368735611438647e-08
7.285407744348049076e-09 1.701294444501400131e-08
9.289842098951340221e-09 2.257536724209785502e-08
7.268779445439576709e-09 1.639154925942420923e-08
4.487577825784683439e-09 1.607435196638107232e-08
3.747166134417056711e-09 1.451562251895666140e-08
3.614692017436027502e-09 1.515133865177631484e-08
3.854899434372782919e-09 1.756300218403339309e-08
5.631706211715936608e-09 1.729660108685493493e-08
4.167188890278339015e-09 1.425659656524658261e-08
3.903413191437721599e-09 1.574789918959140844e-08
4.819406196475029000e-09 1.488335430622100910e-08
5.587390623986720985e-09 1.806217990815639390e-08
4.833746701478958366e-09 1.654255576431751153e-08
5.790044087916612674e-09 1.795520260930061304e-08
7.194822654128074412e-09 1.829423196613788534e-08
1.009126380085945113e-08 2.168545126914978146e-08
6.844621151685714928e-09 1.522881817072629835e-08
4.548650700598955091e-09 1.556097529828548280e-08
4.383890423923730466e-09 1.722067594528198107e-08
6.017813459038734684e-09 1.512169092893600578e-08
4.890325013548136135e-09 1.573365554213523856e-08
5.295965820550918268e-09 1.708961836993694149e-08
4.753578454256058037e-09 1.554212439805269219e-08
3.437378443777561032e-09 1.562717370688915291e-08
4.619986284524202591e-09 1.595703698694706058e-08
4.093866795301437788e-09 1.523285266011953405e-08
3.881785552948713513e-09 1.540943887084722549e-08
6.067357491701841196e-09 1.630744710564613332e-08
7.845521904528141562e-09 1.733863912522792976e-08
6.366554647684097291e-09 1.824118755757808656e-08
5.720192100852728210e-09 1.624560356140136841e-08
7.778670638799666570e-09 2.061403170228004429e-08
1.015356928110122702e-08 2.342000603675842332e-08
1.100102439522743244e-08 1.654487848281860460e-08
7.664191536605357488e-09 1.608337648212909545e-08
4.380187019705772590e-09 1.458643656224012413e-08
4.913174081593751510e-09 1.789336465299129495e-08
7.154078688472509594e-09 1.811362616717815413e-08
6.059635430574417467e-09 1.680496335029601948e-08
4.916002973914146464e-09 1.646721735596656637e-08
3.646238474175333959e-09 1.503941975533962340e-08
3.017084905877709271e-09 1.486818678677082057e-08
3.786373184993863196e-09 1.392492372542619641e-08
4.657996352761984105e-09 1.650951057672500676e-08
3.786068176850676593e-09 1.751222275197505810e-08
5.548187065869569589e-09 2.135759592056274418e-08
9.685551747679710464e-09 1.998067088425159422e-08
7.212331518530845962e-09 1.520466897636652002e-08
6.054926663637161034e-09 1.519569102674722589e-08
5.661809351295232608e-09 2.013032324612140659e-08
4.829150624573230442e-09 1.679325290024280706e-08
5.365116987377405473e-09 1.581046916544437569e-08
3.950655926018953367e-09 1.564549095928668954e-08
4.287067800760269027e-09 1.547563634812832002e-08
3.748896066099405645e-09 1.677684672176838052e-08
4.350480157881975032e-09 1.595662161707878192e-08
1.148722507059574044e-08 2.340947277843952067e-08
1.405211444944143301e-08 1.752173341810703395e-08
6.855604238808155213e-09 1.565999910235405079e-08
4.486008081585169251e-09 1.395986136049032131e-08
3.562038764357566884e-09 1.492203213274478978e-08
3.694599028676748071e-09 1.632492430508136682e-08
4.401895683258771967e-09 1.569670625030994262e-08
6.513965316116809541e-09 1.887066476047039152e-08
5.783796310424804524e-09 1.943804509937763053e-08
6.284507922828197188e-09 1.794925518333911942e-08
6.307116709649562925e-09 1.668695546686649293e-08
5.003681406378746078e-09 1.634889282286167262e-08
3.592585679143667151e-09 1.592069119215011712e-08
4.315444733947515075e-09 1.567299291491508570e-08
3.900727955624461517e-09 1.418911665678024281e-08
4.998655058443546044e-09 1.448736060410738031e-08
4.227979574352502437e-09 1.435874123126268406e-08
4.312363453209400444e-09 1.377709209918975786e-08
4.286009352654219067e-09 1.873397640883922551e-08
3.459503874182701188e-09 1.495333015918731654e-08
4.145698156207799516e-09 1.583032682538032492e-08
3.413629019632935404e-09 1.434352993965148992e-08
2.726932987570762544e-09 1.434459257870912500e-08
3.535526804625988038e-09 1.582980714738369129e-08
4.028406925499439247e-09 1.460193842649459920e-08
6.622139364480972300e-09 1.960396580398082695e-08
4.877660423517227073e-09 1.460447162389755170e-08
3.335367422550916562e-09 1.454528886824846207e-08
5.137881264090538279e-09 1.846195943653583687e-08
5.433958955109119307e-09 1.678226515650749140e-08
4.240958485752343905e-09 1.741055957973003316e-08
4.646115470677613911e-09 1.534653175622224828e-08
5.411239340901374553e-09 1.552505884319543836e-08
3.992455080151557776e-09 2.472575567662716052e-08
6.268739700317382908e-09 2.174996212124824404e-08
4.975996445864439273e-09 1.614800654351711225e-08
4.698237404227256579e-09 1.534839812666177719e-08
7.609307300299405496e-09 1.942792721092700985e-08
7.893286645412445893e-09 1.733923889696597993e-08
5.187453236430883025e-09 2.032255940139293699e-08
3.816370619460940040e-09 1.473745983093977020e-08
3.489883616566658184e-09 1.523100398480892118e-08
3.610948333516717047e-09 1.558721624314785037e-08
4.062743391841649783e-09 1.452245004475116807e-08
4.749994724988937193e-09 1.645729318261146631e-08
3.393501741811633295e-09 1.551195513457059835e-08
3.744015935808420000e-09 1.669723168015479887e-08
4.645029082894324890e-09 1.415670104324817677e-08
7.724584545940159936e-09 1.724347099661826947e-08
5.103617440909147151e-09 1.506572496145963601e-08
3.978271968662738920e-09 1.720663532614708093e-08
3.839079057797789500e-09 1.416630297899246281e-08
7.327071391046047432e-09 1.401367690414190362e-08
8.954918012022972712e-09 1.905602030456066053e-08
4.609910771250724977e-09 1.558740157634019746e-08
3.739343490451574512e-09 1.400338765233755125e-08
4.359074402600526888e-09 1.820934005081653430e-08
1.093570329248905198e-08 2.148597314953804130e-08
7.068009581416845482e-09 1.794892363250255629e-08
5.068917293101549308e-09 1.430195011198520710e-08
3.167716320604085909e-09 1.454814989119768203e-08
3.465805901214480207e-09 1.528171729296445997e-08
3.554182359948754498e-09 1.319224201142787999e-08
3.566430183127522368e-09 1.839707605540752565e-08
6.133682560175657685e-09 1.755981892347335746e-08
6.888644769787788733e-09 1.624362543225288326e-08
7.786822970956564063e-09 1.606506854295730463e-08
3.957420121878385605e-09 1.404135115444660209e-08
4.029200412333011705e-09 1.437310595065355267e-08
3.697047475725412364e-09 1.794813014566898218e-08
6.939072161912917838e-09 1.522201392799615784e-08
3.449613228440284530e-09 1.403204444795846990e-08
2.624285174533724860e-09 1.392856799066066745e-08
2.829022007063031002e-09 1.408167742192745263e-08
3.010462503880262413e-09 1.503554545342922079e-08
3.064174437895417299e-09 1.452209055423736588e-08
3.693038597702980099e-09 1.460001524537801825e-08
3.516277763992547834e-09 1.382205355912446984e-08
4.128876142203808176e-09 1.508616004139184813e-08
6.551704835146665905e-09 1.622950471937656326e-08
5.480534862726926656e-09 1.869064196944236671e-08
1.032587420195341073e-08 1.868955977261066281e-08
4.871818237006663994e-09 1.522047538310289308e-08
3.746298141777515354e-09 1.752951182425022111e-08
6.659456063061952866e-09 1.472517196089029323e-08
4.266234114766121185e-09 1.356378849595785155e-08
3.384437179192900644e-09 1.413926202803850205e-08
3.271944588050246115e-09 1.651849225163459656e-08
4.369250964373349930e-09 1.501554064452648326e-08
3.652734216302633192e-09 1.625836268067360051e-08
3.902469528838991877e-09 1.415990386158227958e-08
2.834413666278123941e-09 1.353457290679216325e-08
2.779972273856401470e-09 1.322658825665712329e-08
3.141194581985473475e-09 1.470453478395938860e-08
3.966580610722303411e-09 1.534765120595693540e-08
2.617980353534221603e-09 1.334000937640667020e-08
2.982453675940632680e-09 1.477454602718353306e-08
3.827294101938605701e-09 1.398348808288574260e-08
4.547650925815105835e-09 1.458088308572769084e-08
3.912803716957569322e-09 1.442503370344638776e-08
5.414681974798440868e-09 1.586491800844669241e-08
5.335002671927213353e-09 1.813725009560584870e-08
4.448677413165569155e-09 1.608720980584621587e-08
4.767646081745624149e-09 1.397323329001665168e-08
3.264931729063391528e-09 1.398739777505397728e-08
3.842775244265794958e-09 1.715957373380661114e-08
5.829250905662775266e-09 1.651451177895069115e-08
2.815105952322483032e-09 1.340837869793176720e-08
3.202494001016020781e-09 1.796117238700389725e-08
4.527666140347719132e-09 1.421528588980436406e-08
4.017883911728858797e-09 1.437699981033802081e-08
5.244205705821514244e-09 1.962110400199890266e-08
4.856103565543889731e-09 1.420217938721179898e-08
3.465052461251616436e-09 1.471033785492181732e-08
4.604622721672057809e-09 1.737209595739841420e-08
4.554016049951314567e-09 1.627356745302677225e-08
4.372041672468185275e-09 1.527082733809948019e-08
4.490983672440051851e-09 1.583245582878589736e-08
3.313626162707805636e-09 1.353087369352579132e-08
3.521364647895097650e-09 1.419091410934925046e-08
3.020401345565914920e-09 1.594642363488674139e-08
4.338025115430354791e-09 2.310222946107387568e-08
8.835993707180023822e-09 1.682408712804317501e-08
5.641873460263013848e-09 1.655443944036960513e-08
5.954453255981206990e-09 2.515956386923790071e-08
4.313473589718341757e-09 1.352522615343332279e-08
4.937344230711460378e-09 1.545767672359943279e-08
3.333532018586993191e-09 1.816536858677864212e-08
5.874034948647022607e-09 1.282737962901592248e-08
3.398993983864784290e-09 1.406480092555284487e-08
3.622249467298388305e-09 1.954747177660465332e-08
5.579748656600713801e-09 1.822680793702602532e-08
5.453379359096288724e-09 1.685554720461368601e-08
3.681466914713382863e-09 1.399826165288686749e-08
3.082998795434832627e-09 1.518902275711298005e-08
2.805281896144151590e-09 1.308246143162250514e-08
4.633696749806403788e-09 1.750746183097362667e-08
5.505177192389965398e-09 1.403461955487728182e-08
4.162202123552561122e-09 1.932820864021778252e-08
4.864271264523267632e-09 1.480676047503948216e-08
4.616118501871824027e-09 1.331657078117132106e-08
3.365091746672987912e-09 1.872526109218597492e-08
4.103970248252153636e-09 1.352504547685384694e-08
4.637088626623153496e-09 1.850855536758899670e-08
6.273077800869941854e-09 1.915190741419792189e-08
5.866559688001870908e-09 1.690399274230003428e-08
7.155901752412319032e-09 1.547295693308114983e-08
4.382096230983734007e-09 1.508910953998565652e-08
4.061020445078611027e-09 1.665906235575675984e-08
3.512462368234991889e-09 1.384951360523700659e-08
4.896638914942741301e-09 1.548912562429905015e-08
3.945064730942249088e-09 1.622642204165458692e-08
4.714178852736949563e-09 1.479889359325170492e-08
2.795859938487410544e-09 1.280879974365234397e-08
3.708473406732082170e-09 1.469017285853624339e-08
2.611223142594099130e-09 1.342416089028120018e-08
2.495576161891221949e-09 1.381509937345981596e-08
2.789973979815840624e-09 1.439736317843198827e-08
3.383763367310166460e-09 1.413053832948207791e-08
4.192472901195287352e-09 1.436645537614822452e-08
6.963741034269333109e-09 2.738759480416774622e-08
7.239079102873802371e-09 1.761575229465961526e-08
4.346238449215888613e-09 1.643803529441356727e-08
5.108173470944165976e-09 1.390135288238525324e-08
2.457140479236841227e-09 1.476220879703760202e-08
2.784624695777893235e-09 1.401053555309772410e-08
3.140856511890888364e-09 1.493308600038290164e-08
3.698050975799560602e-09 1.482371054589748407e-08
3.186496440321207022e-09 1.567002758383750912e-08
6.048539653420448674e-09 1.785980165004730108e-08
1.010344270616769857e-08 2.032342180609703070e-08
1.998179964721202714e-08 2.862513437867164725e-08
1.491315569728613052e-08 2.105303108692169050e-08
6.230194587260484874e-09 1.505180448293685903e-08
4.397451411932706905e-09 1.477971486747264850e-08
9.303461760282516537e-09 2.522300370037555634e-08
9.264361113309860888e-09 1.905301585793495290e-08
3.980919253081083286e-09 1.317216921597719182e-08
3.930895123630761975e-09 1.780997589230537330e-08
6.434751674532890333e-09 1.446124445647001212e-08
4.091123584657907854e-09 1.391526497900485999e-08
2.628194168210029508e-09 1.443253271281719257e-08
2.575084799900651104e-09 1.340653747320175229e-08
2.709371736273169616e-09 1.731117069721221782e-08
5.086972843855619630e-09 1.993509195744991437e-08
4.591663368046283519e-09 1.333707757294177950e-08
3.082090290263295211e-09 1.424375083297490992e-08
2.414859831333160314e-09 1.311060227453708584e-08
2.715534064918756639e-09 1.272452529519796410e-08
2.275944687426090116e-09 1.428532786667346934e-08
2.148422645404934695e-09 1.358835678547620752e-08
2.298960927873850002e-09 1.305547542870044693e-08
2.000161446630954881e-09 1.300840731710195474e-08
2.329935319721698555e-09 1.338349469006061629e-08
2.386527601629495440e-09 1.285788323730230286e-08
4.788478370755911113e-09 1.410441286861896558e-08
2.767296740785241007e-09 1.396807469427585596e-08
2.161072799935936854e-09 1.362730469554662639e-08
2.486845944076776666e-09 1.296016760170459796e-08
2.119044540449976859e-09 1.394399069249629990e-08
2.571369055658578882e-09 1.256441604346036830e-08
2.324258442968130083e-09 1.523962896317243716e-08
2.582971705123782068e-09 1.312857214361429280e-08
2.652425086125731639e-09 1.378549821674823756e-08
2.423949772492051269e-09 1.265617553144693428e-08
2.856645034626126320e-09 1.429182756692171020e-08
2.882405882701277845e-09 1.294289994984865162e-08
3.378450172021984882e-09 1.384044438600540228e-08
5.701612215489148875e-09 1.359122898429632112e-08
2.832474187016487012e-09 1.408082898706197762e-08
2.802344039082527111e-09 1.331433653831481973e-08
2.854041755199432275e-09 1.433779299259185739e-08
3.069667844101786519e-09 1.579987630248069925e-08
3.641146700829267348e-09 1.360322628170251880e-08
6.827575620263815237e-09 2.173393592238426078e-08
5.486019887030124819e-09 1.486235857009887620e-08
4.297833889722824179e-09 1.618759334087371730e-08
3.264764556661248257e-09 1.345877349376678434e-08
2.805457916110754118e-09 1.364011596888303763e-08
2.836892381310462918e-09 1.346259377896785667e-08
2.460531424731016189e-09 1.315963920205831572e-08
3.197887213900685350e-09 1.699756085872650156e-08
6.020595319569111186e-09 2.117228321731090519e-08
7.032132707536220696e-09 1.644925586879253461e-08
4.645104520022869362e-09 1.795109920203685774e-08
3.624447388574481172e-09 1.422473601996898723e-08
3.632186679169535628e-09 1.534363906830549359e-08
3.701033070683479296e-09 1.354652456939220419e-08
3.081208560615777803e-09 1.368852984160184786e-08
3.060632618144154633e-09 1.446835696697235126e-08
2.584918402135372241e-09 1.390450354665517857e-08
3.632100299000740169e-09 1.425952650606632217e-08
4.688832908868789326e-09 1.612586714327335215e-08
6.827612407505512314e-09 1.602655649185180552e-08
3.619953058660030355e-09 1.753714866936206678e-08
4.821090493351221188e-09 1.361943967640399864e-08
4.243663046509027271e-09 1.663045957684516816e-08
6.488716695457696576e-09 2.199919335544109340e-08
8.473911322653294145e-09 2.126437798142433164e-08
7.489837240427731752e-09 1.667670905590057224e-08
3.495553508400916890e-09 1.459869649261236204e-08
4.383012186735868561e-09 1.507253386080265108e-08
4.892876371741294934e-09 1.377873681485652873e-08
4.259544890373945632e-09 1.456516236066818280e-08
2.853647107258439017e-09 1.240581460297107643e-08
2.012125914916396297e-09 1.234413217753171853e-08
2.227241639047861058e-09 1.525196526199579263e-08
3.113091690465808079e-09 1.338227279484272038e-08
2.391852205619215791e-09 1.275138556957244902e-08
3.126459661871194744e-09 1.491899136453867121e-08
3.146028146147728041e-09 1.361291389912366820e-08
3.660707734525203507e-09 1.568365842103958073e-08
4.520065151154994967e-09 1.360678486526012482e-08
4.048720933496951804e-09 1.417548209428787222e-08
3.870880929753184177e-09 1.418921537697315261e-08
3.274223301559686794e-09 1.209846884012222265e-08
3.018645104020833764e-09 1.739725656807422570e-08
4.875306040048599270e-09 1.486391294747591080e-08
3.079862101003527660e-09 1.402819249778985953e-08
2.212919527664780644e-09 1.198933739215135536e-08
2.045429078862070869e-09 1.298603694885969081e-08
3.254256211221218190e-09 1.314725168049335503e-08
3.096938831731677195e-09 1.540037523955106800e-08
1.232288684695959019e-08 2.277562394738197336e-08
1.092101074755191756e-08 1.661725901067256783e-08
4.323204979300499241e-09 1.413752976804971666e-08
3.978056833148002451e-09 1.280146650969982072e-08
2.790137892588973112e-09 1.386700011789798755e-08
2.145002363249659380e-09 1.323477644473314229e-08
2.175770001485943762e-09 1.432495564222335824e-08
2.694620983675122277e-09 1.502404920756816844e-08
2.378069097176194360e-09 1.224041916429996543e-08
2.129792468622326952e-09 1.315434370189905141e-08
2.841176930814981434e-09 1.278762426227331079e-08
2.361038234084844637e-09 1.302752643823623737e-08
3.302836325019598192e-09 1.230644620954990384e-08
3.023019526153802828e-09 1.344721112400293415e-08
3.245670115575194325e-09 1.574703305959701574e-08
2.204098179936408947e-08 2.005827054381370420e-08
1.147510763257741960e-08 1.750583387911319625e-08
4.684873856604098922e-09 1.201446447521448098e-08
2.600453794002532781e-09 1.302396319806575845e-08
2.309471368789673040e-09 1.316915545612573674e-08
2.775898901745676960e-09 1.278296951204538382e-08
2.708754735067486645e-09 1.261140499264001785e-08
2.644707215949893024e-09 1.306689716875553121e-08
2.427831059321761164e-09 1.196498703211546009e-08
1.932569197379052824e-09 1.203419174998998566e-08
2.107870299369096705e-09 1.245127059519290971e-08
2.815560903400182593e-09 1.542243361473083598e-08
4.300347063690424196e-09 1.420888397842645576e-08
2.359231235459446873e-09 1.301690191030502288e-08
2.482912503182888046e-09 1.332051306962966935e-08
2.589268144220113854e-09 1.225042995065450608e-08
2.068088622763752799e-09 1.183716859668493261e-08
3.229580819606780940e-09 1.434034202247857974e-08
3.053739434108137905e-09 1.422759238630533263e-08
3.775369608774780989e-09 1.263374742120504438e-08
3.084264462813734958e-09 1.386718265712261123e-08
2.849770244210958544e-09 1.722238026559352905e-08
2.990923123434185989e-09 1.354364398866891871e-08
2.412590198218822372e-09 1.268551219254732131e-08
2.221186412498354896e-09 1.214684266597032627e-08
2.220802940428256931e-09 1.413834840059280477e-08
2.390170237049460468e-09 1.229743845760822282e-08
1.809255452826619062e-09 1.318983826786279646e-08
1.980667933821678270e-09 1.387261692434549362e-08
2.403598511591553849e-09 1.585691981017589506e-08
3.069078316912054822e-09 1.436675805598497467e-08
4.052982199937105401e-09 1.462732534855604163e-08
3.995349630713462787e-09 1.512526441365480277e-08
5.575786344707012201e-09 1.855634152889251770e-08
7.105094846338033598e-09 1.405808795243501620e-08
3.651592414826154662e-09 1.627491228282451638e-08
2.984958700835704707e-09 1.369461696594953514e-08
3.050932660698890886e-09 1.310894079506397285e-08
2.460133051499724362e-09 1.438130624592304254e-08
2.773966174572706317e-09 1.318104565143585273e-08
2.666054293513298064e-09 1.331056002527475301e-08
2.195282373577356285e-09 1.263471785932779370e-08
2.739884657785296630e-09 1.256013195961713715e-08
2.786222146824002178e-09 1.349391881376504857e-08
3.541184123605489746e-09 1.470933854579925502e-08
2.655864693224430237e-09 1.341219898313283952e-08
2.852423815056681823e-09 1.282870769500732450e-08
2.475692424923181501e-09 1.266359724104404431e-08
3.881094511598349016e-09 1.836064457893371551e-08
4.656999837607145218e-09 1.716324314475059617e-08
2.951132599264383240e-09 1.265960000455379512e-08
2.412866102531552516e-09 1.353629212826490385e-08
3.075538668781519097e-09 1.230897754430770850e-08
5.180925130844116137e-09 1.516079716384410825e-08
4.343580454587936739e-09 1.329148467630147929e-08
2.986017381772398974e-09 1.450905669480562269e-08
9.198105894029140398e-09 2.537649311125278480e-08
7.547753397375345955e-09 1.641630567610263901e-08
4.787739831954241204e-09 1.342158950865268725e-08
2.580358646810054848e-09 1.222967542707920004e-08
3.057780675590038240e-09 1.265925355255603771e-08
4.868682008236646814e-09 1.303526107221841892e-08
4.732631146907806114e-09 1.398262474685907332e-08
2.732285531237721542e-09 1.530646532773971622e-08
2.828076714649796509e-09 1.308483537286520012e-08
2.553242491558194337e-09 1.389352325350046087e-08
2.214670414105057633e-09 1.173993945121765218e-08
1.976276282221078893e-09 1.259007770568132347e-08
2.347035799175500795e-09 1.275830063968896855e-08
3.740668063983321441e-09 1.408998388797044695e-08
